1018611, VICTORIA GONZALES CS, BC  , station not joined, Homogenized daily mean temperature           , Deg Celcius,          Updated to 2022
1018611, VICTORIA GONZALES CS, BC  , station non jointe, Temperature quotidienne moyenne homogeneisee , Deg Celcius, Mise a jour jusqu a 2022
 Year Mo  Day 01  Day 02  Day 03  Day 04  Day 05  Day 06  Day 07  Day 08  Day 09  Day 10  Day 11  Day 12  Day 13  Day 14  Day 15  Day 16  Day 17  Day 18  Day 19  Day 20  Day 21  Day 22  Day 23  Day 24  Day 25  Day 26  Day 27  Day 28  Day 29  Day 30  Day 31
Annee Mo Jour 01 Jour 02 Jour 03 Jour 04 Jour 05 Jour 06 Jour 07 Jour 08 Jour 09 Jour 10 Jour 11 Jour 12 Jour 13 Jour 14 Jour 15 Jour 16 Jour 17 Jour 18 Jour 19 Jour 20 Jour 21 Jour 22 Jour 23 Jour 24 Jour 25 Jour 26 Jour 27 Jour 28 Jour 29 Jour 30 Jour 31
 1995  2 -9999.9M-9999.9M-9999.9M-9999.9M-9999.9M-9999.9M-9999.9M-9999.9M-9999.9M-9999.9M-9999.9M-9999.9M-9999.9M-9999.9M-9999.9M-9999.9M-9999.9M    8.1     9.7     9.6     7.8     7.0     9.0     7.8     6.8     5.4     5.8     6.6 -9999.9M-9999.9M-9999.9M
 1995  3     7.0     6.8     5.0     5.6     2.7     3.5     5.2     7.5    10.2     9.7     9.3     8.1    10.2    11.2     9.6     8.9    10.8    10.5     7.3    10.3     7.7E    6.7     7.9     6.5     7.4     8.4     9.4    11.7    11.9    12.0    10.6 
 1995  4    10.6    10.2    11.3    10.4     8.2     9.5E   11.8     9.2     9.2     7.1     8.0     7.3     8.1     7.9     9.1     9.9     9.6     9.2     8.3     9.6     9.5    12.5    13.6    13.3    13.0    11.4    15.2    13.3    13.0    11.6 -9999.9M
 1995  5    12.8    12.5    11.7    12.7    12.9    12.9    12.1    13.0    12.2    13.0    12.7    11.8    14.9    15.4    15.6    13.3    12.8    12.9    13.8    14.9    17.8    17.1    15.5    16.3    15.7    13.2    14.4    14.0    14.9    15.3    14.1 
 1995  6    13.5    15.3    14.6    13.6    13.3    13.9    16.2    15.7    15.3    12.8    13.5    14.6    13.3    14.8    14.8    14.4    14.8    13.2    15.0    14.7    14.2    15.4    15.8    16.5    15.2    16.3    20.1    22.9    24.6    25.7 -9999.9M
 1995  7    18.5    16.1    17.4    15.8    16.1    15.1    14.3    15.5    14.4    16.0    14.2    16.3    14.7    16.8    16.2    18.3    22.3    22.1    19.6    17.1    16.9    16.8    15.6    16.1    16.0    16.4    17.2    17.8    16.4    15.7    17.1 
 1995  8    17.5    16.0    17.3    18.6    17.1    12.6    12.5    15.5    17.6    15.3    16.4    14.9    13.6    13.4    15.6    14.7    14.9    13.7    14.9    17.8    17.9    15.9    16.9    15.6    15.9    15.2    15.4    15.1    15.5    16.9    18.3 
 1995  9    19.7    21.2    15.3    15.5    15.0    15.5    15.9    14.0    14.9    14.6    13.6    14.6    19.2    19.2    17.6    14.8    14.0    16.3    16.9    18.7    18.8    18.9    15.1    14.9    14.6    15.1    13.1    14.1    13.4    13.7 -9999.9M
 1995 10    12.2    12.1    12.7    12.6    10.1    11.8    12.5    13.5    11.7    12.2    10.6    11.7    10.3    14.2    10.6    14.2    12.6    11.6     9.7    12.3    11.0     7.6     9.5    10.8    10.4    11.5     8.8     8.6     8.1     7.5     6.8 
 1995 11     7.2     6.3     7.1     6.4     7.0     6.0     8.7    10.5     7.7     6.4     9.9     8.7    10.2    11.8    12.0    10.1    11.9    10.7     8.0     7.5     8.4     9.8    11.5    10.5     8.9     9.3     7.9    10.2    10.9     9.6 -9999.9M
 1995 12     7.9     5.3     6.7     4.2     2.0     3.3     1.2    -1.6    -0.7     6.9     9.7    10.1     8.7     7.8     7.9     7.3     8.5     8.3     8.1     7.7     7.9     6.2     4.7     3.5     1.9     3.6     5.1     7.4     7.5     8.0     8.4 
 1996  1     7.9     9.0     7.7     3.6     2.3     7.2    10.7     8.7     8.5     8.9     8.6     5.1     7.1     9.3     8.4     4.7     2.9     1.8     1.2     2.5     1.1     2.7     4.5     1.7     1.5     0.9     0.9    -2.3    -6.5    -4.3     0.8 
 1996  2     0.8     1.2     0.7     4.4     8.4     8.7     9.2     7.9     7.1     5.6     7.9     8.6     9.7    10.5    10.3     8.4     9.4    11.9     8.1     7.7     5.3     4.1     4.0     3.9     4.2     2.9     3.2     4.2     6.1 -9999.9M-9999.9M
 1996  3     6.2     5.1     4.6     4.6     5.1     7.9     6.4     7.9    10.7    11.3    11.3     9.9     8.5     9.5     9.6     8.1     8.8    10.0     9.7     8.7     9.2     7.9     8.8     5.7     6.6     7.7     8.2     8.7     6.6     8.2     7.4 
 1996  4     8.5     7.9     8.0    10.6    11.1    10.7    13.9    11.7    12.0    10.0     9.8     9.5    10.4    13.3    13.0    11.7     9.3     9.6     8.6    10.5    11.3    10.1    10.7     9.9     9.5     9.0     9.3     8.0    11.0     9.6 -9999.9M
 1996  5     9.5     8.2     9.0     9.4    10.0    10.7     9.1     9.1     8.3    10.5    11.1    13.5    13.5    12.9    11.1    10.6    12.9    11.4    12.7    12.5    11.1    11.9    12.7    12.4    15.4    13.6    12.9    11.8    13.2    12.7    12.9 
 1996  6    14.9    17.9    16.6    14.7    15.4    14.9    15.2    13.7    13.4    13.6    14.0    12.7    14.1    14.6    14.3    12.7    11.3    13.3    14.9    16.3    15.3    14.1    13.7    14.6    13.8    15.9    16.4    13.9    13.7    14.2 -9999.9M
 1996  7    15.1    15.7    13.4    14.7    14.2    17.0    20.4    17.0    16.1    15.2    18.6    20.7    21.3    22.4    17.9    16.0    12.5    13.7    12.8    14.5    15.2    20.1    21.1    20.7    19.4    20.7    19.7    18.7    18.1    16.0    14.8 
 1996  8    15.8    14.9    16.1    14.6    15.3    14.5    18.7    18.2    16.5    17.5    15.8    16.3    21.8    17.4    16.5    16.5    17.5    15.1    14.1    14.3    14.4    19.1    18.6    20.8    21.9    17.6    15.5    17.3    21.4    17.9    16.9 
 1996  9    14.6    14.3    14.1    13.1    14.4    12.5    13.9    17.3    14.9    16.8    16.9    14.7    13.1    14.4    14.8    13.8    14.2    11.1    12.3    12.1    12.8    11.3    12.0    14.7    14.2    15.4    14.1    12.8    11.9    12.4 -9999.9M
 1996 10    12.3    12.4    12.8    12.4    11.2    12.7    15.6    14.9    17.0    14.5    13.6    12.1    11.6    11.5     9.9     8.0     7.8     8.2     8.5     7.0     8.5    11.3     8.6     9.8     9.2     7.3    10.0     9.6     9.5     7.9     8.1 
 1996 11     8.8     6.9     8.5     7.7     7.8     8.9     6.6    11.1    11.0     8.8     9.4    10.7     9.7     8.1     7.5     4.7     2.4     2.7    -0.1     2.4     1.4     0.5     0.9     4.1     7.3     6.5     6.9     8.2     6.4     7.8 -9999.9M
 1996 12     7.2     3.8     3.6     6.2     5.8     5.3     5.9     5.8     6.0     7.3     5.9     6.2     6.5     6.1     5.5     4.1     3.4     4.4     3.3     6.4     5.1     1.2    -1.4     0.1    -1.0    -4.0    -4.5    -4.9    -3.2     4.6     6.4 
 1997  1     9.0     7.7     5.6     4.8     4.9     6.2     8.3     6.8     7.1     6.6     5.5     4.1     3.2     2.1     3.6     3.8     7.2     7.0     8.7     8.0     6.7     7.2     5.1     3.3    -1.1    -3.2     1.6     4.9     6.9     9.6     7.5 
 1997  2     7.8     5.6     6.7     5.2     4.1     4.3     4.7     4.0     4.2     6.2     4.8     7.8     7.4     8.3    10.7     8.5     8.2     6.6     6.4     7.7     6.7     6.5     8.2     7.8     6.7     7.9     6.6     4.5 -9999.9M-9999.9M-9999.9M
 1997  3     6.6     7.2     5.3     5.2     6.6     7.4     6.8     5.8     8.2     7.4     6.5     5.2     5.4     4.8     3.0     6.1     7.2    10.1    10.8     8.8     7.4     7.4     9.9     7.9     9.0     7.6     6.6     8.0     7.5    10.6     6.0 
 1997  4     7.2     7.9     9.6     8.2     9.5    10.2     9.0     9.8     9.6     9.6    10.3    10.2    10.1     8.0    10.9    12.6     9.6    10.4     9.6    10.6    10.6    11.0    11.1    10.4    11.6    13.1     9.9    10.1    10.8    10.5 -9999.9M
 1997  5     9.9    10.4    11.8    12.9    12.0    10.9    11.4    13.9    14.4    16.1    19.8    19.4    15.0    16.2    14.8    16.5    13.6    16.0    14.8    12.3    13.0    13.2    12.9    13.2    14.5    14.4    14.3    14.4    14.1    14.3    15.3 
 1997  6    13.1    14.9    13.7    14.5    13.3    13.5    15.5    13.9    16.1    15.6    14.1    13.9    17.1    15.7    16.1    15.5    17.0    15.3    14.2    12.7    13.6    13.2    14.6    14.4    13.6    15.1    14.9    14.1    12.9    13.7 -9999.9M
 1997  7    14.2    14.8    18.5    21.1    15.2    17.3    15.0    15.5    15.1    15.8    17.2    17.0    15.8    16.7    18.2    16.3    16.7    16.2    16.9    17.7    14.2    15.6    16.4    16.5    16.3E   16.1    16.3    17.4    17.6    16.8    15.9 
 1997  8    16.7    17.5    18.5    18.8    17.8    17.6    17.1    17.2    22.0    22.4    19.9    18.2    17.8    18.6    18.0    21.0    19.9    16.3    16.4    15.1    15.8    19.3    18.1    16.3    16.9    16.6E   16.2    14.9    15.4    15.5    17.5 
 1997  9    16.1    18.3E   17.0    17.0    17.1    15.3    17.9    19.7    20.8    16.1    17.9    15.1    14.8    15.7    14.9    12.0    13.8    14.8    15.7    15.8    17.1    16.4    16.7    19.6    16.6    14.2    13.4    14.5    15.5    14.8 -9999.9M
 1997 10    13.7    13.8    12.4    12.5    13.4    10.8    10.1    10.2    11.1    11.4    11.5     9.3    12.0    12.3    14.2    14.2    13.3     9.7    10.1    10.0     8.8    10.7    10.7     8.9    10.4     9.8    11.3     9.8    11.9    12.6    12.1 
 1997 11    11.3    10.5    11.4    10.8    11.9    11.8    10.4     9.6    10.9     9.9     8.1     6.4     7.4     8.1     6.6     8.4     9.0    10.1     9.0     9.6     8.1     7.4    10.8     8.3     7.2     7.4     8.4     9.9     9.1     8.7 -9999.9M
 1997 12     7.2     7.8     6.9     7.0     6.5     4.9     5.6     7.4     4.9     7.3     7.1     5.8     7.7     8.8     6.6     8.9     6.3     6.1     6.8     6.8     5.4     5.1     6.3     5.8     5.1     5.0     7.1     9.4    10.5     9.4     6.9 
 1998  1     4.6     2.0     1.2     2.9     5.0     6.0     4.5     2.0    -0.6    -3.1    -2.6    -2.1     3.4     8.9     7.8     6.9     8.9    10.4     7.8     7.5     6.4     6.8     9.1     9.0     8.3     9.0     7.6    10.1    10.7     9.1     8.3 
 1998  2     9.1     8.0     7.2     7.8     9.6    10.7    10.7     9.1     7.6     8.1     8.0    10.5     9.0     8.3     8.3     9.6     9.6     8.7     9.6     7.5     7.7     6.8     5.7     5.8     7.1     6.3     6.0     6.5 -9999.9M-9999.9M-9999.9M
 1998  3     8.8     7.2     5.7     4.7     5.6     6.6     7.1     8.2     8.0     8.3    11.3    11.7    12.2     9.7    10.5     9.3     8.6    10.4    10.9    11.9     9.8    10.4    10.2    10.3    10.6     6.6     5.7     6.9     7.8     7.8     7.3 
 1998  4     8.4     8.4     9.6    10.4    10.0     9.5     9.1     7.4     8.8     7.5     8.5     8.3     9.8    10.9    10.8    11.3     9.3    11.8     9.4    10.8    12.3    13.1    10.3    10.5    10.3    11.3    14.2    15.6    15.8    20.1 -9999.9M
 1998  5    21.1    15.0    14.2    11.8    13.2    13.2    12.7    12.7    12.5    12.0    11.1    12.7    12.2    10.9     9.8    10.5    13.9    12.0    14.5    13.8    13.3    13.3    14.1    13.2    10.7    10.0     9.5    13.4    15.7    13.9    13.8 
 1998  6    14.6    14.9    15.1    13.3    14.4    15.0    15.8    14.9    13.6    13.8    15.6    16.1    14.9    13.4    13.1    13.2    14.9    13.2    14.0    14.7    16.4    15.6    15.6    13.3    12.9    14.9    14.6    16.5    15.9    15.8 -9999.9M
 1998  7    14.3    14.2    12.9    12.5    14.3    14.9    16.6    16.8    16.2    17.0    14.8    15.4    15.6    15.6    14.2    17.4    16.3    14.9    15.0    16.1    21.1    18.7    17.7    16.7    16.3    19.7    21.3    19.6    17.1    15.3    15.5 
 1998  8    17.4    16.7    18.9    17.4    19.6    16.5    17.1    16.9    16.7    17.3    16.5    17.9    19.5    17.4    17.6    17.9    15.6    15.9    16.4    17.5    15.6    16.2    16.1    16.6    17.1    15.9    16.0    20.0    18.2    16.8    20.3 
 1998  9    17.1    18.6    19.5    15.7    17.1    16.2    17.2    14.8    16.3    14.6    17.5    15.5    15.9    14.2    16.3    15.4    14.6    15.8    15.2    15.4    16.6    16.5    16.1    16.2    14.1    15.4    15.7    15.4    14.8    16.8 -9999.9M
 1998 10    12.9    13.4    11.2    12.4    13.8    14.8    12.8    11.8    11.2E   10.7    12.7    12.4    11.6    12.0    10.9     9.8    12.0    10.2    10.1    12.4    13.7    12.8     8.1     9.6    11.4    13.3    10.7     9.6     8.2     7.5    10.4 
 1998 11    10.2     9.3     9.7     9.7    10.4     9.1     8.5     8.6     7.7     8.1     6.7     9.0    11.0    10.1    11.4     9.0     8.1     8.9     8.3    10.0     8.5     7.3     8.0     9.1     8.6     9.0     8.3     6.8     7.3     6.0 -9999.9M
 1998 12     6.2     6.5     5.6     5.7     5.1     5.2     5.9     6.4     6.6     8.9     7.3     9.6     8.5     6.1     6.7     8.6     6.7     3.4    -1.9    -3.6    -3.7    -2.0    -0.5     4.3     4.7     5.7     7.2     9.3     9.3     7.1     7.4 
 1999  1     6.0     4.5     3.8     5.7     5.9     6.5     7.6     7.1     6.4     7.7     7.5     8.0     6.7     8.3     7.6     6.4     6.1     7.3     7.3     7.0     6.7     5.5     4.9     3.6     4.2     6.0     5.6     5.9     5.9     3.9     4.1 
 1999  2     5.5     7.1     5.9     6.7     5.3     6.7     5.1     3.7     3.4     4.2     6.1     9.8     8.6     5.0     6.1     6.6     6.6     4.6     6.0     7.5     6.7     6.5     5.5     8.2     7.1     5.1     7.3     7.7 -9999.9M-9999.9M-9999.9M
 1999  3     5.9     4.7     6.7     5.7     5.5     4.8     4.6     8.2     6.7     7.6     6.5     6.8     9.4     7.2     4.0     6.9     8.9     6.9     9.5    12.5     9.0    11.0     9.4     9.5     7.7     6.5     6.2     5.0     6.5     5.0     6.0 
 1999  4     8.4     6.6     6.9     6.6     7.3     7.7     6.5     6.8     6.3     9.9    11.5     9.5     9.0     9.4    13.0    16.9    13.7    11.4     8.3     9.5     8.6    10.4    11.0    11.1    10.3     8.1     8.8     9.2    12.3    11.1 -9999.9M
 1999  5    10.2     9.6     8.3     7.8     9.9    10.9     8.3     8.7     8.4     9.1     9.2    10.0     9.5     9.8    12.6    10.7     9.0    11.9    10.7    11.1    13.0    13.7    18.8    19.8    12.6    13.4    14.3E   11.9    13.2    13.2    12.9 
 1999  6    10.4    11.4    13.7    12.7    11.1    10.9    10.7    13.1    11.8    12.7    16.3    19.4    16.2    21.5    15.3    13.6    13.1    15.1    13.6    12.0    13.5    13.3    13.7    15.8    13.9    13.8    14.5    11.5    13.0    13.6 -9999.9M
 1999  7    13.8    12.3    13.0    12.3    17.2    19.7    16.1    16.0    20.0    16.9    17.2    15.1    14.6    15.1    13.9    13.8    15.1    13.1    15.9    16.1    13.8    14.7    14.9    17.4    14.7    15.5    16.1    14.1    14.3    15.3    14.9 
 1999  8    14.5    15.5    17.5    15.7    16.2    15.4    14.9    15.7    16.5    15.8    15.6    14.1    14.5    15.7    13.1    15.5    17.7    15.1    16.5    16.0    15.5    18.0    17.5    15.7    18.5    16.9    21.4    17.1    14.8    14.7    14.6 
 1999  9    15.2    15.9    17.9    14.3    16.0    15.2    15.3    18.2    16.5    14.2    16.1    19.6    21.4    17.7    12.9    13.9    15.7    18.0    20.7    15.4    16.6    14.3    13.6    13.3    12.8    12.5    11.8    12.8    13.2    10.7 -9999.9M
 1999 10    11.1    13.9    14.1    13.7    12.7    12.7    15.3    11.3     9.9     8.8    10.7     9.7    12.8    11.4     9.2     9.2    10.6    12.6    13.6    12.3    13.0    11.2     9.3    10.2     9.8     9.5     7.5    10.8     9.0     8.6     9.2 
 1999 11     6.9     6.4     7.0     6.9     5.7     9.8    11.5    10.7     9.1     9.6     9.9     9.2     7.5     9.3    10.2    10.1     9.2     8.3    10.6     7.9     6.8     6.9     7.8     8.5     7.3     6.9     7.0     9.1    10.2     7.7 -9999.9M
 1999 12     6.5     7.9     5.7     8.7     7.8     6.6     4.9     5.4     8.0     6.3     8.9     6.2     4.5     5.8     9.4     9.6     8.6     7.7     5.7     5.9     5.8     5.0     5.2     4.8     4.4     4.6     3.9     4.0     3.9     5.1     6.7 
 2000  1     5.7     4.9     4.3     7.2     5.5     4.8     6.0     5.3     3.9     2.9     3.4     3.0     3.6     5.3     4.4     5.2E    6.2     3.7     3.6     2.4     5.2     5.2     5.6     4.4     5.0     6.3     6.4     4.2     4.9     6.2     7.4 
 2000  2     8.1     6.5     7.4     7.6     5.2     7.1     9.9     8.4     7.4     6.0     4.6     5.2     5.4     5.4     5.7E    5.5     5.3     4.9     6.1     7.3     8.1    10.4     6.7     5.5     5.7     6.4     7.9     6.9E    7.1 -9999.9M-9999.9M
 2000  3     7.0    10.0     7.3     7.2     5.4     5.6     7.0     6.9     7.6     7.3     8.4     6.7     8.6     8.4E    7.1     8.5     7.3     7.6     6.4     6.4     9.4     8.6     8.3     7.8    10.0     7.9     9.9     8.0     7.1     9.0     8.4 
 2000  4     9.5    11.7     8.6     8.9     7.7     8.4     8.8    12.1    10.2    10.5    13.8    14.2    10.9     9.8     9.8    10.7    11.2    11.4    10.7    12.7     9.8    10.0     8.7     7.7    10.6    10.8    11.5    10.3     9.5    10.8 -9999.9M
 2000  5    11.6    11.1    11.5    10.6    10.1    10.1    10.9    10.9     8.8     9.5    11.3    11.0    12.4    16.1    15.6    16.6    11.4    12.9    12.1    11.2    11.7    13.5    12.4    12.6    10.6    10.9    13.9    12.0    12.4    10.5    13.6 
 2000  6    13.4    14.0    16.1    16.6    13.8    12.6    11.6    14.7    12.3    11.9     9.7    14.0    12.5    14.9    14.5    16.7    16.3    15.0    14.5    13.9    15.0    12.8    15.3    15.7    18.6    21.0    21.9    18.1    14.2    16.2 -9999.9M
 2000  7    15.1    14.4    13.8    14.4    12.8    14.7    14.9    15.6    14.8    15.7    15.9    15.6    16.5    15.9    17.0    19.7    16.0    15.4    14.8    16.1    17.6    15.9    18.1    14.8    17.7    15.7    15.2    15.2    17.7    18.7    20.3 
 2000  8    15.9    15.8    15.5    16.1    16.4    14.9    14.8    15.4    16.4    15.0    16.6    13.8    13.5    14.4    16.0    13.5    14.8    14.2    15.1    14.5    14.6    15.9    18.2    17.9    15.9    16.3    15.1    16.1    14.2    14.2    15.2 
 2000  9    14.4    13.9    15.1    13.6    13.1    14.3    12.4    14.7    13.0    15.2    12.8    14.1    17.3    19.4    16.4    16.1    14.9    15.5    17.1    13.4E   15.3    15.4    12.7    15.4    15.5    16.2    15.7    13.8    12.9    14.5 -9999.9M
 2000 10    11.4    12.5    11.2    12.1    13.1    15.1    15.7    13.4    11.7    11.9    14.1     8.6    12.4    11.3     8.6    10.1    13.0    11.6     9.7    11.3    11.2     9.9    11.2    10.8    12.5    10.2    10.6     9.7    10.7    10.2    10.3 
 2000 11     8.3     9.7    10.0    10.5     8.4     8.9     7.5     8.5     7.0     6.1     4.5     5.8     5.3     5.9     5.1     5.1     4.2     4.4     4.4     7.4     8.1     5.1     6.8     7.2     9.1     6.9     7.3     5.3     7.4     8.9 -9999.9M
 2000 12     8.6     8.8     7.1     6.4     6.4     6.7     5.7     5.6     4.6     1.8     0.4     0.9     1.0     2.3     2.6     4.9     6.6     4.7     4.2     2.9     5.5     6.8     6.9     7.4     7.8     7.3     6.2     6.2     5.9     6.5     7.9 
 2001  1     7.5     9.1     8.6     8.3     8.6     5.1     7.3     9.9     7.7     8.2     6.7     5.9     4.7     5.3     4.6     3.4     2.7     4.8     7.7     6.7     6.3     6.6     7.1     6.3     7.0     5.7     4.8     4.1     6.6     6.3     7.5 
 2001  2     7.7     7.4     6.1     7.3     7.2     3.9     2.6     3.6     5.6     5.0     5.7     4.9     5.0     5.3     3.3    -0.2     3.5     6.9     6.8     7.3     7.3     7.6     6.9     7.1     5.7     5.9     6.8     7.9 -9999.9M-9999.9M-9999.9M
 2001  3     5.6     6.0     5.0     5.8    10.0    10.2    11.6     8.9     7.6     8.6     7.5     9.4     7.7     7.5     8.0     6.2     8.0     9.1     6.7     9.1     6.3     7.2     9.4    10.6    11.5     7.7     5.8     6.7     6.5     8.4     9.3 
 2001  4     7.8     6.5     6.9     7.9     7.4     6.1     6.2     6.8     9.1     7.1    10.3     7.8     7.3     7.4    10.4    11.5    11.1     9.8     8.8    10.1    11.5     8.6    10.8    11.8    12.5    13.5    11.5    10.3    10.6     9.9 -9999.9M
 2001  5     8.6     9.3     9.2     8.6     9.3     9.7    11.9    11.5     9.5     9.9    13.9    13.0    11.6    10.6    11.8    10.9     9.9    12.2    12.4    11.3    15.5    19.5    16.2    12.7    13.5    14.1    14.5    11.3    11.4    12.3    17.3 
 2001  6    12.0    12.7E-9999.9M   11.8    11.7    12.8    15.8    14.2    13.3    11.9    10.8    12.9    12.5    14.4    13.4    13.2    13.1    13.6    15.2    16.4    17.5    14.8    13.1    13.3    13.8    16.0    15.9    14.8    13.6    14.8 -9999.9M
 2001  7    15.5    15.4    17.1    15.4    15.1    14.1    15.7    16.1    16.2    17.3    15.1    15.2    14.7E   15.4    13.3    15.0    14.5    14.8E   15.9    15.2    14.2    14.5    15.3    15.8    15.4    15.3    14.5    15.1    15.1    14.0    15.5 
 2001  8    13.6    15.6    16.0    15.9    14.5    15.0    14.4    18.5    24.0    19.3    16.3    16.6    16.1    14.8    15.8    14.4    15.6    17.1    15.6    14.9    13.0    13.5    14.1    15.7    17.9    15.8    15.6    16.1    16.1    15.1    15.2 
 2001  9    16.9    14.7    16.0    15.2    15.4    14.4    15.6    16.0    16.9    15.8    16.7    17.1    17.9    14.9    13.8    13.5    12.1    15.4    13.9    13.7    13.1    16.7    15.6    14.9    13.4    12.4    11.5    11.3    13.8    15.1 -9999.9M
 2001 10    14.7    13.2    12.4    15.7    15.6    13.6    11.0    12.6    12.6    10.2    11.4    11.8    10.1    10.8    10.6    11.5    11.1     9.5    12.3     9.5     9.2     9.9    10.0     8.4     8.1     9.6     7.8     6.9     7.5     8.0     9.9 
 2001 11     9.8     9.1     9.1     8.2     7.6     7.9     8.9     9.1     8.8     8.4     9.5    10.7     9.4    10.5    11.9     8.8     6.4     8.0    10.3    10.2     9.0     8.3     9.2     6.8     6.4     6.2     5.8     4.7     5.4     6.2E-9999.9M
 2001 12     7.9     4.7     4.5     4.9     3.9     6.9     6.8     6.9     5.4     4.2     4.6     5.8     7.7     6.3     5.7     7.7     4.6     6.5     4.7     3.9     3.8     6.6     5.7     4.9     4.3     3.2     6.0     7.3     6.3     5.8     5.9 
 2002  1     6.8    10.1     8.7     7.0     8.0     9.9    11.1     9.4     7.4     7.0     8.0     8.2     4.8     5.3     5.0     4.1     3.8     4.3     5.2     5.6     3.6     4.3     4.8     6.5     3.7     2.2     1.7     0.9     1.1     3.4     5.4 
 2002  2     5.4     6.5     7.6     6.5     7.1     6.2     5.8     6.9     7.3     6.2     5.1     3.6     4.8     5.3     6.0     5.8     6.3     7.6     7.1     6.6     7.3     7.1     4.5     3.5     3.9     6.0     5.5     5.7 -9999.9M-9999.9M-9999.9M
 2002  3     5.7     6.3     6.9     7.1     4.6    -0.3    -1.4     0.9     5.9     7.3     8.9     6.5     6.3     5.9     4.6     1.7     2.5     2.9     3.8    -0.9     1.9     6.8     8.7     9.4     9.8     6.8     5.7     8.7     8.4    10.4     9.7 
 2002  4     8.6     8.4     9.8    11.3     9.8     9.4     9.2     8.4     9.5    11.3    11.0E   10.5    12.9     6.9     8.3     7.2     7.3     9.1     9.4     8.7    10.8     8.9     7.5     8.4     9.1     7.7     9.2    10.1    11.5    12.7 -9999.9M
 2002  5    10.6    10.0     9.4     7.7     9.0     6.8     8.0     8.9     8.5    10.6    10.6    15.8    10.8    10.5     9.9    11.2    11.0    11.2    11.3    12.0    12.5    13.3    11.2    11.6    13.1    12.8    13.8    13.4    13.6    12.0    12.4 
 2002  6    14.3    13.4    12.5    14.2    14.0    13.1    11.2    12.4    15.0    13.2    14.8    19.3    23.8    15.3    14.1    14.1    14.1    14.8    14.1    17.0    17.8    16.7    14.4    15.0    16.6    19.5    14.3    11.8    15.2    14.5 -9999.9M
 2002  7    15.2    13.2    14.9    13.8    15.1    17.0    15.4    15.9    18.3    20.1    18.7    16.6    17.8    15.2    14.3    16.6    15.2    16.5    17.9    16.1    18.4    22.3    19.1    17.7    14.6    15.5    14.7    17.9    15.9    16.3    15.7 
 2002  8    15.5    17.1    14.5    14.4    14.7    16.4    15.3    14.2    17.4    14.3    18.1    20.9    22.4    20.0    16.2    17.1    16.3    12.9    16.2    15.1    14.9    14.2    15.8    16.2    16.4    17.8    17.5    17.9    17.7    14.6    14.2 
 2002  9    17.2    14.7    16.0    14.2    13.8    12.4    13.5    12.5    16.1    15.6    18.2    16.6    17.2    15.7    14.6    14.9    12.8    15.5    14.9    13.2    14.7    17.0    16.7    16.5    17.5    15.2    15.1    13.5    12.5    11.7 -9999.9M
 2002 10    10.8    11.1    12.8    10.9    11.1    12.3    12.3    10.6    12.8    11.8     9.5     9.4    10.9    12.2    13.7    15.9    14.4     8.5    11.4    13.2    12.7    12.6    10.5     6.3     6.8     8.9     8.8    10.4     9.2     7.1     6.2 
 2002 11     7.0     7.3     6.8     6.7     9.6    10.1    11.6     9.5     9.2     8.3    10.0    11.4     9.7    10.2     8.3     9.3     9.0     8.8    10.8    12.3    10.3     9.6     8.8     7.0     5.5     6.3     8.3     7.8     9.1    10.0 -9999.9M
 2002 12     7.3     8.0     6.8     7.3     8.0     7.0     5.1     5.3     7.0     8.5     7.7     9.6     7.7    10.1     8.6     7.1     7.0     6.9     7.6     8.5     6.9     6.6     6.1     5.8     7.4     6.3     4.7     4.3     3.3     5.8     6.6 
 2003  1     7.0    10.0     9.0    10.8     8.6     8.0     8.2     8.2     8.1     5.0     6.0     7.5     6.6     8.0     5.6     6.7     6.9     7.4     7.0     7.3     5.5     7.4     9.8     9.1E    9.4    10.8     8.7     6.9     7.7     8.4    10.0 
 2003  2     9.1     7.5     7.0     6.1     5.4     6.0     3.6     4.9     4.4     4.9     5.8     7.1     7.9     9.1     9.8     7.6     8.3     7.6     8.6     8.4     7.8     7.8     5.0     4.0     4.4     6.2     6.6     6.2 -9999.9M-9999.9M-9999.9M
 2003  3     6.6     6.3     8.3     8.0     6.4     5.4     4.4     1.8     5.3     9.5     9.4     9.7    11.8    11.0    11.4     9.5     8.6     9.1     8.4     9.3     9.3     8.4     8.6     6.2     8.4     8.4     8.5     7.8    11.1    10.6     8.7 
 2003  4     8.0     7.1     8.0     6.0     6.2     8.1     9.8    11.5     8.5    10.6    11.3    10.2     9.2    10.3    10.3     9.5    10.2     9.0    10.6    11.3    10.4    11.0     9.5     7.4     9.4     9.7    11.9    14.6    14.3    14.1 -9999.9M
 2003  5    12.4    12.3    10.4     9.3    10.6     9.6    10.9    11.0    12.5    12.5    12.2    12.7    11.9    11.1     8.6     9.2     9.7    10.2    12.0    12.7    12.9    13.1    15.4    15.4    12.8    12.6    16.2    16.9    15.2    14.8    13.3 
 2003  6    15.0    13.8    16.2    19.4    22.4    25.1    19.8    16.1    14.1    13.2    13.7    12.3    15.4    15.1    14.8    16.8    18.5    14.9    14.5    14.7    13.8    15.6    13.7    14.5    14.9    15.7    15.9    18.2    17.0    16.5 -9999.9M
 2003  7    15.0    14.4    14.3    17.3    16.1    15.1    16.0    14.8    19.0    21.4    17.2    15.9    16.1    17.2    17.0    16.4    18.1    17.5    15.9    18.5    19.2    18.5    17.5    15.9    16.3    17.6    16.3    20.3    19.4    20.3    15.9 
 2003  8    16.0    15.6    15.4    14.6    17.8    15.4    17.1    16.5    16.2    15.4    15.2    15.5    16.0    20.9    18.5    16.6    16.5    18.6    17.3    17.6    16.8    16.3    14.5    16.4    17.1    17.3    14.7    16.4    16.4    15.2    16.5 
 2003  9    15.5    19.2    19.7    16.9    15.3    16.4    15.1    16.4    16.6    14.0    14.8    14.8    14.3    14.2    13.4    12.6    12.1    13.0    15.6    13.4    15.4    16.4    16.3    15.3    16.6    17.6    19.9    18.2    14.0    15.7 -9999.9M
 2003 10    14.7    13.4    11.6     9.8    13.0    14.0    14.4    12.9    11.6    11.6    11.1    11.3    12.5    11.0     9.4    11.6    13.8    14.8    13.3E   14.1    14.4    14.2    11.9    10.5    11.1    12.5    10.9    12.0     8.7     6.9     5.6 
 2003 11     4.2     6.2     5.6     5.1 -9999.9M-9999.9M-9999.9M-9999.9M-9999.9M-9999.9M-9999.9M-9999.9M-9999.9M-9999.9M-9999.9M-9999.9M-9999.9M-9999.9M-9999.9M-9999.9M-9999.9M-9999.9M-9999.9M-9999.9M-9999.9M-9999.9M-9999.9M-9999.9M-9999.9M-9999.9M-9999.9M
 2003 12 -9999.9M-9999.9M-9999.9M-9999.9M-9999.9M-9999.9M-9999.9M-9999.9M-9999.9M-9999.9M    5.7     6.9     6.9     5.9     5.9     8.1     7.2     7.1     8.0     8.9     8.0     6.6     8.6     8.4     5.4     4.0     4.1     3.6     2.3     1.2     4.0 
 2004  1     3.4     2.8    -2.3    -5.2    -3.9    -1.1     4.5     7.4     8.0     8.0     7.2     8.3     8.5     9.2     9.3     6.1     7.0     7.4     7.7     7.1     6.0     5.8     5.9     5.8     4.0     6.2     7.0     8.5     7.7     6.6     4.0 
 2004  2     4.0     4.1     5.0     7.4     4.8     8.4     7.7     7.4     6.3     6.7     7.7     8.1     7.4     8.5     8.0     7.6     8.1     9.1     8.7     7.1     7.5     8.1     8.6     8.7     7.4     8.3     8.4     8.1     8.2 -9999.9M-9999.9M
 2004  3     7.5     8.2     5.8     8.7     7.1     6.3     8.1    11.5    10.0     8.7     8.8     9.7     9.7    10.3     8.6     9.3     8.5     6.8     6.5     7.7    11.4    11.4     9.6     8.8     7.3     7.7     9.7    11.0    16.4    10.5     7.7 
 2004  4     8.6    10.9    13.2    10.6     9.9     9.3    11.0    10.0    13.5    15.5    17.7    12.7    12.6    10.7    10.1    11.0    10.3    10.9    10.1    11.3    11.7    11.3    11.4    11.2    13.3    16.7    11.3    12.1    15.0    18.0 -9999.9M
 2004  5    15.9    13.8    13.2    11.5    10.4    12.8    11.9    12.7    12.5    12.9    12.7    12.9    13.4    13.5    13.0    13.7    15.4    16.3    13.4    14.0    14.7    12.0    14.9    13.7    12.7    15.0    11.7    13.1    12.8    13.7    12.3 
 2004  6    12.8    13.0    17.0    15.3    14.7    13.7    12.3    15.0    13.8    14.6    14.6    12.6    13.9    13.3    14.8    18.1    22.9    23.5    21.2    15.6    16.8    15.9    16.2    14.6    14.9    15.9    16.7    16.3    16.1    16.1 -9999.9M
 2004  7    15.9    15.3    16.9    16.8    17.0    17.1    15.7    14.4    14.4    15.0    16.3    19.8    18.9    18.8    17.4    17.3    21.3    18.3    19.7    17.5    17.6    22.6    26.8    21.9    17.2    17.1    18.0    16.9    18.6    15.9    16.0 
 2004  8    15.6    16.2    15.8    14.4    15.9    15.4    15.9    20.2    25.4    19.7    18.2    18.4    16.8    18.5    17.8    16.6    18.7    18.1    17.4    18.5    15.6    17.1    16.9    15.2    14.0    15.5    15.7    16.0    15.7    15.8    17.1 
 2004  9    15.1    14.7    14.3    15.4    15.2    15.2    15.2    15.0    16.0    14.1    16.5    14.6    14.7    14.0    12.1    12.6    13.4    12.2    12.7    12.3    13.9    13.1    13.9    13.4    13.6    12.3    14.1    15.5    13.6    13.0 -9999.9M
 2004 10    16.2    15.5    12.1    10.3    10.2    14.5    11.8    12.5    12.1    12.9    13.2    14.7    15.7    13.9    12.3    14.0     9.5     9.9     9.8    10.3    10.2    10.4     9.8     8.8     9.5    10.8    10.0     8.2     8.8     9.9     8.5 
 2004 11     8.1     9.3     7.7     7.0     8.8     8.3    10.6     9.6     9.5    10.9     7.9     6.7     7.8    10.5    11.0     8.6     7.1     8.5     7.4     5.2     6.9     8.4     8.5    10.5     8.4     6.2     6.4     5.5     4.2     4.2 -9999.9M
 2004 12     5.7     8.0     7.4     5.5     4.1     6.5     5.6     7.5     6.8     9.4     7.1     7.7    10.1     9.4     8.3     6.6     6.7     9.0     8.9     7.2     8.3     6.5     5.3     6.1     6.2     7.4     5.5     4.7     4.9     6.6     4.7 
 2005  1     2.4     2.3     1.2     1.6     1.8     2.6     0.9     0.6     1.5     1.2     1.9     5.4     1.3    -0.6    -1.1     3.4     9.0    10.6    13.2     9.7     9.8     9.3    10.2    10.0     9.4     8.1     8.1     8.0     7.7     7.7     9.3 
 2005  2     9.3    10.2     8.7     7.7     6.3     3.2     4.9     4.1     4.9     5.5     5.7     7.3     5.5     4.7     3.7     4.8     5.6     6.6     6.0     6.8     6.0     7.4     8.8     8.2     7.4     7.9     7.7     9.2 -9999.9M-9999.9M-9999.9M
 2005  3     9.2     9.2    10.3     9.5     8.9    10.3    13.7    10.6    11.2    12.3    11.2    11.3    11.8    10.0     8.5     8.3     8.3     8.6     6.7     8.6     7.3     8.3     9.8     8.9     8.5     9.6     9.3     8.6     8.1     9.6     8.6 
 2005  4     8.0     7.6     8.7     9.0     8.3    10.9     9.0     8.8    10.0     8.6     8.2     7.3     8.8     8.6     8.1    10.4     9.5    10.3    11.2    13.2    11.2    15.7    17.5    13.6    14.5    12.0    16.2    14.3    12.5    12.8 -9999.9M
 2005  5    14.9    12.4    12.6    12.8    14.0    13.7    12.3    13.1    13.5    13.7    13.2    12.0    13.8    15.5    15.1    13.4    12.0    14.3    12.8    12.6    12.0    11.7    13.6    13.1    16.9    21.4    23.5    18.5    14.9    13.7    14.6 
 2005  6    15.3    15.1    14.9    13.5    12.4    13.4    14.2    11.3    13.2    14.0    14.2    14.2    14.1    13.8    14.9    16.9    14.6    15.1    16.6    20.4    17.6    16.1    14.9    16.2    15.9    12.8    13.2    16.2    16.0    16.9 -9999.9M
 2005  7    16.5    15.6    15.6    16.6    14.5    16.7    15.3    13.5    15.0    16.0    15.6    17.1    17.3    15.9    15.0    16.9    19.5    20.7    16.3    17.0    18.7    19.0    15.4    15.6    16.0    17.5    17.8    18.6    15.7    16.6    18.1 
 2005  8    18.8    15.9    19.1    19.6    17.5    16.1    16.1    15.9    15.1    15.3    16.0    15.9    16.2    17.0    17.3    16.0    16.3    15.6    15.8    17.2    18.1    15.4    15.4    17.0    20.1    16.2    15.9    15.0    16.7    14.1    15.0 
 2005  9    15.4    17.2    17.1    14.3    15.1    17.0    14.8    15.3    14.7    14.8    15.0    15.2    14.0    15.2    14.3    12.8    12.9    12.7    16.5    13.8    14.3    12.9    12.0    14.0    14.1    14.7    12.8    10.0    13.1    12.0 -9999.9M
 2005 10    13.1    11.3    10.8    10.5    11.9    11.5    13.0    11.3    12.1    11.8    11.8    10.2    12.1    12.5    13.1    11.9    11.6    12.2    11.5    11.4    13.3    11.6    10.1     9.7    11.8    10.2     8.9    10.9    10.3     9.2    10.4 
 2005 11     8.9     8.8     8.2     7.7     6.0     7.4     7.5     7.6     8.8     9.6     6.1     7.0     7.7     6.4     5.9     6.9     8.1     7.8     7.7     6.9     6.3     5.6     5.6     5.4     7.4     6.4     5.9     4.3     3.8     4.1 -9999.9M
 2005 12     2.1     1.6     4.2     3.3     7.8     4.7     4.0     4.7     4.3     5.4     4.7     6.1     5.6     3.7     3.2     3.7     5.5     4.7     6.9     8.6     9.1    10.1     9.3    10.5    11.2     9.7     9.5     8.5     7.4     7.4     8.1 
 2006  1     8.3     6.9     6.9     7.9    10.5     9.5     7.3     6.4     7.6     7.6     7.9     6.6     8.5     5.7     6.2     7.1     8.3     7.2     7.5     6.9     6.4     7.2     8.5     7.9     7.4     6.5     6.3     6.6     6.3     8.3     6.6 
 2006  2     8.0     8.4     7.7     7.7     6.4     6.2     6.8     8.3     6.7     8.6     7.1     7.8     8.3     4.5     4.4     4.2     1.5     3.2     3.7     4.3     5.8     7.7     5.2     3.1     2.8     4.9     7.9     6.4 -9999.9M-9999.9M-9999.9M
 2006  3     7.9     8.7     6.2     7.6     8.7     9.1     8.2     4.6     3.7     4.1     5.7     6.3     6.6     8.0     7.6     8.9     7.6     7.8     6.5     8.3     8.9     9.4    12.0     9.5     7.2     6.9     9.4     9.5     8.0    10.1    11.1 
 2006  4     7.7    10.5    10.4    10.0    11.0    10.0    10.8    10.1     8.7     9.8    10.2    10.1     9.2     7.4     6.2     8.0     8.4    10.0    10.2    10.3     9.9    10.7    14.6    15.6    12.0     9.8    12.1    11.7     9.1    10.0 -9999.9M
 2006  5    10.0    10.9    12.9    16.0    14.3    10.6    10.8    10.1     9.3    11.2    12.4    10.4    11.5    14.3    18.6    17.9    14.3    14.0    13.3    13.3    12.2    11.7    13.4    14.1    12.5    11.8    11.7    14.5    12.4    14.9    16.6 
 2006  6    14.2    15.9    15.2    13.5    14.5    14.9    15.5    13.1    13.3    15.1    14.9    18.5    14.1    14.6    14.4    15.4    14.4    14.2    15.0    14.4    15.7    15.2    16.0    19.7    23.7    23.6    17.6    14.5    17.4    15.4 -9999.9M
 2006  7    15.6    15.9    16.6    16.2    14.8    17.1    15.3    17.5    17.8    14.5    14.7    14.9    15.1    16.9    15.4    16.0    16.2    15.4    17.9    18.3    24.5    24.0    22.6    19.0    18.7    17.3    17.1    14.9    14.9    16.2    15.2 
 2006  8    17.2    17.0    15.5    16.3    16.8    15.7    16.7    14.5    16.4    14.3    15.0    13.9    18.1    17.8    14.2    14.5    13.7    16.0    18.2    17.0    16.3    14.5    15.3    15.3    17.7    17.4    15.9    17.8    15.8    15.7    16.5 
 2006  9    20.2    22.7    17.8    16.9    15.6    15.3    13.8    15.0    16.2    12.9    15.4    16.3    13.9    12.8    12.6    13.2    12.2    14.2    13.0    12.0    13.8    13.1    15.4    17.1    17.5    18.0    18.1    16.8    12.7    14.2 -9999.9M
 2006 10    14.0    12.9    12.5    13.8    12.8    12.8    10.6    11.2    13.1    13.3    13.7    14.9    10.5     9.0    11.2    11.3    12.5    10.6    12.2    10.8    11.2    10.1     9.5     9.7     9.5    10.7    12.6    13.2     8.2     5.2     4.5 
 2006 11     6.3     7.3    11.3    11.4    11.8    12.2    10.9     8.9     7.9     7.8     8.5     6.8     6.2     6.5    10.1     7.7     8.5     9.3    10.7     8.5     7.4     7.4     5.6     5.2     3.1     2.3    -3.3    -6.1    -2.1     3.9 -9999.9M
 2006 12     4.1     3.2     3.3     5.9     6.0     7.0     6.9     8.3     7.7     7.9     9.6     7.2     7.8     6.1     5.4     4.3     4.8     4.8     6.4     7.1     7.1     6.0     6.8     6.6     7.3     5.2     5.4     3.0     4.5     5.3     6.0 
 2007  1     6.8    10.0     7.2     5.7     5.4     5.8     7.6     5.8     6.5     0.7    -1.1    -0.9    -0.1     1.0     1.2     3.4     3.2     4.8     6.6     6.9     6.0     7.2     8.8     8.8     6.9     6.4     5.8     4.7     3.8     5.9     6.2 
 2007  2     6.2     4.5     3.5     5.6     7.7     6.4     7.6     8.4     7.8     8.9     9.2     8.3     8.2     6.7     8.9     9.0     9.4     6.6     6.6     5.1     5.4     5.4     5.6     5.3     6.8     5.5     5.2     3.4 -9999.9M-9999.9M-9999.9M
 2007  3     2.1     3.9     5.4E    8.9     9.3    10.3     9.4     7.3     9.0     8.2    11.5     8.5     6.2     6.7     5.3     8.1     8.3     9.9     9.2     6.9     5.7     8.0     9.5     8.4     9.3     8.7     9.2     8.5     9.2     9.6     8.1 
 2007  4     6.1     6.6     7.2     9.4    13.1    16.2    11.7     9.8     8.2     8.4     9.1     9.9     9.2    10.6     9.0    10.0     8.2     8.3     8.5     8.1     8.7    10.7    10.2    10.9    10.5    10.3    10.6     9.3    11.5     8.7 -9999.9M
 2007  5    10.2    12.2    10.1    10.6     9.4    10.2    12.5    12.6    10.1    10.6    11.2    10.7    11.6    12.7    17.3    13.8    12.2    12.0    12.2    10.0    11.5    11.6    11.4    13.7    12.1    14.3    12.6    12.7    16.3    16.2    14.9 
 2007  6    15.0    15.3    15.8    14.8    13.7    12.6    13.1    12.3    12.3    13.7    11.6    13.5    14.4    13.5    13.7    14.7    13.5    13.3    12.7    14.7    15.0    14.3    13.9    14.1    14.0    17.0    15.2    15.6    15.3    14.4 -9999.9M
 2007  7    16.1    16.0    16.3    16.9    18.1    16.6    15.7    15.2    18.5    22.4    26.4    17.0    16.7    15.8    19.0    18.0    14.9    14.2    16.3    15.0    14.9    16.3    14.8    16.1    16.3    17.2    15.3    16.3    17.2    15.5    17.0 
 2007  8    17.7    17.2    17.0    16.2    15.2    15.5    14.5    17.4    15.1    16.1    14.8    15.2    16.6    19.8    21.0    16.6    17.2    15.2    14.8    15.6    15.5    16.8    15.6    15.8    15.7    16.9    15.0    15.8    20.0E   17.3    14.8 
 2007  9    15.9    15.7    15.4    14.6    14.7    14.4    14.8    16.9    18.7    20.7    18.1    12.9    13.1    14.0    13.3    12.4    12.9    13.1    12.9    12.9    11.0    13.8    12.9     9.5    11.9    11.4    12.2    12.4     9.9    11.5 -9999.9M
 2007 10    12.8    11.6    10.4    10.1     9.7     9.7    11.6     9.4    12.6    12.5    11.1    12.6    10.7    10.8    10.3    10.0    10.4     9.9     9.7     9.6    10.1    11.6    15.3    11.5     8.5     7.8     8.7     8.4    10.5     8.1     7.6 
 2007 11     8.9     6.4     9.4     9.9     8.3     7.7     8.9    10.0    11.5    10.4     8.3     8.8     8.1     7.6    10.0     9.5     7.8     6.3     6.0     5.6     4.8E    4.6     4.6     5.7     6.1     3.3     6.7     4.9     5.6     3.3 -9999.9M
 2007 12     2.3     3.2     8.5    11.1     7.8     5.7     4.7     3.1     2.5     3.4     4.2     5.4     5.3     6.9     7.3     7.6     5.9     4.8     6.6     5.3     4.1     7.0     6.7     6.4     4.8     5.5     3.5     5.1     3.9     3.8     4.4 
 2008  1     6.4     7.2     7.4     8.4     6.3     5.0     4.6     4.8     4.5     6.1     7.2     8.2     7.0     4.4     3.4     3.3     4.2     4.1     4.4     4.0     2.9     1.8     2.4     2.9     3.3     3.1     2.6     2.4     3.5     4.0     4.6 
 2008  2     4.9     4.3     4.6     3.0     5.8     4.1     6.3     6.1     6.9     7.8     7.1     7.0     6.9     4.7     6.1     6.6     5.8     6.3     6.0     7.4     6.9     9.1     7.9     8.1     8.5     8.6     7.9     8.7     9.5 -9999.9M-9999.9M
 2008  3     7.1     6.1     6.6     7.1     6.5     6.3     7.2     9.2     9.0     9.5     8.1     6.1     6.5     7.7     8.1     6.1     6.8     7.5     6.7     6.1     6.2     7.0     6.3     5.8     5.9     6.2     4.6     3.7     5.0     4.5     6.1 
 2008  4     4.6     6.9     6.1     7.6     7.2     8.1     8.1     6.9     6.0     9.2    10.1    13.5    11.8     8.7     7.0     9.0     9.9     5.7     4.2     5.8     6.7     8.4     9.1     8.8     8.5     9.5    11.0    11.8     8.1     9.0 -9999.9M
 2008  5     9.1     9.6     8.9    11.2    12.2    10.7    11.6    10.0     9.2    11.0    10.0     9.7     9.7    10.8    15.1    18.4    18.6    15.2    13.1    12.8    11.0    11.1    12.1    17.0    16.4    12.9    13.8    14.3    11.6    12.0    12.4 
 2008  6    13.0    12.5    12.3    12.3    10.5    11.6    12.2    10.8    10.0    10.1    11.8    12.0    13.0    12.2    12.4    13.1    12.2    13.0    13.1    17.7    15.9    14.8    12.2    12.6    13.9    13.3    17.1    22.5    21.0    18.2 -9999.9M
 2008  7    15.3    16.3    14.0    15.3    17.5    16.8    14.6    17.3    15.8    15.8    17.0    18.8    16.2    14.4    16.3    15.3    14.4    14.4    15.2    15.8    16.7    15.3    14.3    14.2    15.7    14.5    15.9    14.7    14.9    14.3    13.0 
 2008  8    15.2    15.4    14.0    18.5    22.6    16.8    16.5    14.6    16.1    15.0    17.5    15.3    18.0    21.4    21.2    18.7    17.4    15.0    17.3    15.5    14.1    15.9    18.6    14.7    17.0    14.3    15.1    15.0    16.1    14.2    13.2 
 2008  9    13.0    13.0    14.1    14.4    15.5    16.4    18.0    19.1    16.3    17.0    17.8    14.8    16.0    18.2    19.1    19.3    16.5    13.0    13.4    12.2    15.0    13.6    12.3    11.9    13.1    14.0    14.0    15.4    17.0    14.6 -9999.9M
 2008 10    12.0    13.4    12.5    13.9    11.7    10.6    11.8    10.9     8.8     9.7    10.3    10.9    11.4     9.5     8.2     9.4    12.0    10.7     8.7    10.4     9.7    11.0    10.8     9.7     9.9     9.2    11.1     9.7    10.9    10.2    11.6 
 2008 11    13.0    10.9     8.8     9.0     7.5    10.0    11.4    12.0    10.5    10.3     9.2    11.4     9.5     7.9    10.8    10.5     8.5     9.7     9.4     9.1E-9999.9M    7.4     6.1     6.5     7.7     5.6     6.8     7.8     9.1    10.2 -9999.9M
 2008 12     9.0    10.3     6.1     5.1     5.3     6.3     8.5     6.8     6.5     7.2     5.5     4.0    -0.1    -3.4    -4.1    -1.5    -0.4    -3.7    -5.5    -6.2    -1.2    -0.4    -1.3     2.5     2.3     2.3     5.3     4.8     3.5     4.2     3.9 
 2009  1     2.4     1.9     2.6     3.6     5.4     7.4     8.7     6.3     4.8     5.5     6.1     6.6     6.7     4.7     4.1     3.5     4.2     6.4     5.7     4.6     2.1     1.4     2.7     1.9     1.1     0.9     3.3     6.6     6.1     5.2     4.7 
 2009  2     3.8     6.7     6.8     5.9     4.7     6.6     3.7     4.2     3.9     2.7     4.6     4.0     4.4     5.9     5.1     4.2     7.4     6.2     6.4     6.5     5.8     8.7     7.5E    7.9     3.9     0.8     5.0     4.2 -9999.9M-9999.9M-9999.9M
 2009  3     7.5     9.8     6.5     7.1     5.4     3.2     3.8     3.2    -0.2    -0.7     1.2     4.2     5.0     4.8     4.7     4.1     4.7     7.0     8.9     7.0     4.6     7.3     5.4     6.4     6.6     5.7     7.9     4.2     5.9     6.6     7.0 
 2009  4     3.7     6.5     5.6     6.5    10.8    11.2    11.5     9.6     9.5     9.2     9.5     8.7     7.2     6.2     7.6     8.8    10.3     9.0    10.5    11.6    14.3     9.0     8.2     9.3     8.7     8.8    11.5    11.5    11.5    10.4 -9999.9M
 2009  5    14.1    11.8     9.9     9.5    10.2     8.0    10.1    10.2    11.5    10.4    10.9     9.3     7.8     8.5    10.6    13.8    13.5    10.6    11.0    11.8    12.4    12.4    11.6    12.6    14.0    12.6    11.0    14.7E   14.0    12.8    15.6 
 2009  6    16.9    20.5    20.8    22.3    15.1    13.3    13.0    13.4    14.5    16.0    15.2    14.9    14.3    13.5    14.9    12.9    14.4    14.2    14.0    14.3    14.5    15.0    12.6    13.8    13.8    12.6    14.3    13.9    12.5    13.1 -9999.9M
 2009  7    17.4    19.4    17.5    16.0    18.1    15.9    12.2    13.5    14.8    18.3    17.4    14.8    12.5    14.2    13.7    16.0    17.3    16.5    15.9    18.4    17.2    14.9    13.4    14.5    16.9    17.1    20.0    23.8    25.6    19.0    16.1 
 2009  8    16.3    16.7    15.9    14.1    13.6    15.1    13.5    14.3    14.9    13.9    14.5    14.2    16.8    15.4    14.1    16.6    15.4    18.3    20.2    16.9    15.4    15.6    15.3    12.7    14.4    16.7    19.4    17.1    17.3    14.9    14.3 
 2009  9    14.1    14.5    15.9    17.1    16.7    12.8    13.1    13.9    14.3    16.2    19.1    17.5    17.3    14.7    17.1    14.3    14.6    17.7    14.7    13.6    14.5    18.9    16.1    13.7    12.9    14.6    13.6    12.0    10.8    10.7 -9999.9M
 2009 10    11.5    11.3    11.0    13.4    13.8    11.3    11.8    11.9    12.4    11.3     8.9     6.9     9.6    11.8    12.4    12.7    12.5    12.2    12.0     8.6    11.1     9.5    10.3    10.7     7.3    10.0     8.2     6.6     8.2    12.5    10.7 
 2009 11     9.0     7.6     8.0     9.3     9.2     8.3     7.7     7.8     8.6     7.2     7.0     6.9     6.4     4.0     7.7     8.0     6.6     6.3     8.6     8.6     5.8     5.9     7.2     8.4     9.3     8.4     6.2     7.3     9.2     8.4 -9999.9M
 2009 12     5.0     4.0     4.1     4.3     4.2     1.2    -1.2    -1.0    -1.6     0.3     2.2     2.4     2.6     2.5     6.1     7.4     7.2     7.9     6.4     7.1     5.8     3.5     4.3     3.1     3.1     3.9     2.5     2.9     3.7     5.4     5.4 
 2010  1     8.0     7.4     6.3     5.6     6.5     5.4     4.8     6.0     8.5     8.4    10.8     8.8E    8.4     8.0     7.7     4.9     7.7     8.9     9.7     9.7     8.9     7.7     7.7     6.6     8.9     6.4     6.5     7.5     8.6     7.2     9.1 
 2010  2     7.1     8.0     6.7     8.8    10.1     9.0     7.6     7.3     6.8     5.6     8.1     8.3     8.3     9.5     7.2     9.0     6.6     8.2     9.0     8.2     7.7     6.5     6.3     8.0     9.3     8.6     9.0     9.6 -9999.9M-9999.9M-9999.9M
 2010  3     9.1    10.1     8.7     7.4     9.4     8.6     6.2     4.1     4.5     7.3     6.2     5.8     6.9     6.8     8.4    11.0     8.2     6.4     8.7     9.8    10.0     9.6     8.5    10.6     9.5     9.4    10.4    10.0     6.6     6.6     7.3 
 2010  4     7.6     6.1     6.2     8.0     9.2     7.7     8.0     6.3     6.2     6.9    10.7    11.7    10.4     9.8     9.6    12.2    11.9    12.8    14.6    10.0    10.1    10.7     7.6     8.7     9.3    11.5    11.1    10.1    10.2    10.3 -9999.9M
 2010  5    10.1     8.3     7.8     7.9     8.2    10.1    10.9    11.5    10.3     9.9    11.6    10.9    11.1    12.1    12.1    13.1    14.0    12.9    12.6    10.3     9.7    11.7    11.1    11.5    12.5    12.0    11.2    10.5    10.3    10.2    12.7 
 2010  6    12.3    12.7    12.3    13.3    14.3    12.1    15.3    14.6    12.8    12.7E   14.1    13.1    13.3    12.2    11.2    12.1    13.8    13.5    14.8    13.5    12.1    13.3    15.6    14.3    13.7    12.2    12.7    13.0    13.2    12.3 -9999.9M
 2010  7    11.8    13.2    14.0    14.4    13.6    17.4    23.0    24.9    18.3    16.6    15.9    14.5    14.4    13.6    13.7    13.3    13.0    13.1    12.8    14.7    15.8    16.0    15.7    15.9    16.6    15.6    14.3    14.2    12.4    13.0    13.8 
 2010  8    13.3    14.3    15.3    16.4    17.0    14.2    13.8    15.6    13.3    14.3    14.0    14.0    19.7    25.6    25.6    18.8    14.6    14.5    14.5    13.1    14.9    15.6    14.0    19.5    15.5    14.7    16.2    14.6    13.2    13.7    12.5 
 2010  9    15.1    15.6    15.8    15.1    13.4    11.5    13.0    14.0    13.3    12.4    12.4    12.9    14.4    12.4    14.1    13.7    16.6    15.4    13.7    14.4    13.6    13.4    12.1    11.6    15.2    14.2    15.3    15.9    14.4    14.7 -9999.9M
 2010 10    14.6    13.9    12.1    12.1    12.5    13.5    10.9    12.4    12.4    12.8    10.7    11.7    11.0E   10.1    10.0     8.6     8.9     9.1    11.5    12.8     9.0    12.1    10.9    10.1     8.6     9.6     9.9    10.2    10.3     9.2     9.8 
 2010 11    10.9    11.2    12.0    10.3    10.1     8.3     9.3     7.5     6.1     8.2     7.5     8.2     7.6     9.2    10.0     9.7     6.2     5.7     3.3     1.4    -0.6    -4.1    -4.5    -3.0     1.9     5.2     5.4     4.5     4.7     6.7 -9999.9M
 2010 12     6.4     4.7     4.2     4.2     4.4     5.4     9.1     8.1     7.9     7.3     6.1     8.4     8.3     5.4     5.4     5.2     6.5     5.2     5.3     5.6     7.6     8.2     7.0     8.9     8.0     6.0     4.7     3.9     3.4     1.1    -0.2 
 2011  1     0.7     1.0     2.3     2.8     4.7     6.4     5.9     4.9     1.6     0.9     1.5     4.7     7.3     9.7     9.3     9.3     7.5     3.8     3.6     4.4     7.7     6.3     6.1     7.2     7.7     6.9     5.4     6.8     5.7     2.8     2.2 
 2011  2     2.9     3.6     6.2     8.4     7.6     6.5     6.2     4.5     3.5     3.8     4.8     6.9     6.7     7.4     5.6     5.1     4.1     5.4     3.7     2.6     2.7     3.3    -0.4    -2.8    -4.0    -1.3     3.1     3.3 -9999.9M-9999.9M-9999.9M
 2011  3     3.3     6.9     4.8     4.9     6.1     5.3     4.9     6.7     8.8     7.5     6.1     7.2     7.2     8.3     8.3     7.0     6.4     6.7     6.9     6.5     7.1     7.1     8.0    10.2     7.3     8.3     7.3     8.0     7.4     8.9    10.0 
 2011  4     6.1     7.7     6.4     5.8     6.8     5.7     5.2     8.2     8.5     9.5     7.0     7.1     7.1     4.5     6.0     7.1     6.9     7.2     7.8     6.6     7.5     8.7    10.6     8.9     7.7     8.9     7.4     7.3     9.3     9.5 -9999.9M
 2011  5     8.9     8.2     9.5     8.8     9.4     8.6     9.6     9.0    10.5     9.7     8.6     9.0    10.7    12.2    10.0    10.9    10.6    12.3    11.1    12.7    10.0    10.0    11.1    11.8    11.6    11.2    10.7    10.5    12.1    11.4    12.7 
 2011  6    13.1    12.8    14.2    16.7    16.9    15.0    13.4    13.4    12.9    13.4    13.4    12.1    14.6    12.8    13.3    12.8    11.8    12.3    12.7    13.2    14.0    14.3    14.1    13.8    13.8    13.2    14.8    15.2    14.8    12.8 -9999.9M
 2011  7    13.5    15.5    15.1    13.4    14.5    15.5    14.2    14.6    12.6    13.8    13.9    13.5    12.9    13.1    14.5    14.5    14.6    15.2    15.1    14.2    15.3    13.6    13.8    20.0    15.6    15.7    14.7    16.1    16.9    14.4    16.4 
 2011  8    17.6    15.2    16.3    15.0    16.1    15.3    14.4    14.4    14.9    14.6    14.6    13.7    14.6    13.5    14.4    13.3    16.0    15.5    14.6    19.8    16.5    14.8    16.5    19.2    17.6    17.1    16.7    15.6    15.1    14.9    13.9 
 2011  9    12.1    14.2    17.3    17.8    14.6    15.0    19.5    17.3    19.0    19.3    20.4    13.8    13.2    14.1    14.1E   13.8E   14.1    14.4    14.6    14.9    15.1    16.2    17.5    14.0    14.5    11.3    13.9    12.7    15.4    13.9 -9999.9M
 2011 10    11.4    10.9    13.5    10.8    10.7    12.4    11.4    11.0    12.1    11.3    11.5    11.2     9.8     9.7     9.1     9.0    10.4    11.6    11.6    11.3    10.7    11.3    11.1     9.7     8.7     7.0     7.8     8.3     9.6     9.7     9.3 
 2011 11     7.1     7.1     7.0     5.9     6.5     5.3     6.7     8.5    10.2    10.1     6.8     6.0     7.8     7.1     5.8     5.8     4.4     2.9     1.5     1.5     5.7     6.7     6.1     5.6     6.5     8.1     9.1     5.9     5.3     5.6 -9999.9M
 2011 12     4.8     5.1     5.2     5.0     3.8     4.8     3.9     3.6     3.2     2.5     3.4     2.5     3.0     4.1     4.5     6.4     7.3     6.5     6.3     7.0     4.2     3.0     4.7     7.4     6.7     5.5     6.3     9.0     7.2     5.5     3.7 
 2012  1     6.1     8.4     7.5     8.5     6.2     4.8     5.2     6.9     7.8     3.7     3.2     3.2     2.6     2.6     0.6     0.6    -0.8    -3.7    -2.7     2.6     5.0     5.5     5.9     7.0     6.6     5.0     4.8     4.2     5.6     6.7     6.7 
 2012  2     6.6     6.3     6.4     5.8     5.7     6.5     9.2     8.2     7.4     8.6     7.4     6.1     6.4     5.4     5.2     5.4     6.7     5.9     5.4     5.4     7.2     7.1     6.6     4.9     5.8     3.2     1.5     3.2     4.7 -9999.9M-9999.9M
 2012  3     5.2     5.1     8.5     7.9     3.8     3.8     3.9     6.1     6.5     6.0     5.7     6.0E    3.8     4.6     8.5     6.2     6.2     5.6     4.2     4.4     5.4     4.7     6.9     8.3     9.7     7.6     8.6     9.0     6.8     6.4     4.6 
 2012  4     7.7     9.0     7.5     5.8     6.2     6.1     7.4    10.7    13.0    11.4     9.9    10.3     8.8     9.9    10.1     9.4     7.5     9.7     8.5     9.8    10.2    12.3    12.7     9.8    11.6    10.6     8.9    10.7    10.3     9.8 -9999.9M
 2012  5     9.7     8.1     8.4     9.3     9.8     9.2    13.1    11.8     9.1     9.0    11.1    14.4    14.9    17.9    15.6    12.3    11.3    10.2    11.3    11.4    12.3    10.9    10.5    12.4    14.0    14.7    12.4    12.7    10.5    11.4    11.4 
 2012  6    14.2    13.5    10.9    10.2    13.0    10.8    11.3    11.0    12.5    11.4    13.1    12.9    12.8    12.5    12.4    13.2    13.8    13.1    12.7    14.8    14.4    11.5    12.9    11.8    13.2    14.6    13.9    13.6    15.7    14.2 -9999.9M
 2012  7    14.2    11.7    12.8    12.7    13.3    14.5    15.5    15.3    15.9    14.2    14.1    15.0    16.0    14.8    13.7    14.9    15.7    14.6    15.8    16.0    15.6    14.0    14.6    14.8    16.2    14.6    13.7    13.7    14.3    14.0    15.4 
 2012  8    16.4E-9999.9M   18.0    21.7    20.9    18.0    15.3    15.0    16.1    15.1    15.3    17.8    18.3    16.6    21.2    24.5    18.6    15.2    14.0    16.1    16.4    15.7    15.3    15.5    17.2    15.2    14.5    14.3    15.3    14.8    13.7 
 2012  9    13.9    13.5    14.6    14.2    16.2    19.3    20.6    17.3    15.1    14.3    13.4    14.4    17.4    17.5    14.3    15.4    18.8    17.1    13.4    13.0    12.1    14.7    12.7    13.7    12.7    11.6    12.8    14.6    13.2    11.6 -9999.9M
 2012 10    14.4    11.2    13.1    13.0    14.4    15.4    15.8    14.0    11.3     9.8     9.2    10.6    11.6    12.2    10.4    11.3    10.1    10.1     9.6     7.8     7.0     6.6     7.7     7.9     8.5     7.3     8.2    10.4    11.2    10.2    11.6 
 2012 11    11.0    10.7    10.3    12.5    10.8     9.2     9.1     7.8     5.5     4.0     4.7     7.8     8.5     8.3     5.9     6.8     8.3     7.8     7.8     8.0     5.5     6.9     8.4     8.2     5.1     4.6     5.4     6.6     9.8     8.5 -9999.9M
 2012 12     8.3     8.1     7.5     8.5     5.7     5.6     6.0     4.7     4.0     5.2     6.5     6.1     5.5     4.9     4.8     4.4     3.4     3.2     4.5     5.0     6.1     6.6     5.7     6.1     5.1     5.6     6.3     5.7     4.8     3.5     2.8 
 2013  1     3.3     4.5     3.0     4.7     6.1     6.1     6.9     6.5     6.0     3.3     1.8     0.3     0.8     3.2     3.7     3.4     2.6     3.8     4.1     3.9     2.8     2.8     4.9     5.1     6.9     5.5     4.8     4.8     6.5     7.1     8.0 
 2013  2     6.4     6.2     6.0     7.7     7.4     6.5     6.3     4.9     5.2     5.0     5.5     7.5     7.8     6.2     7.1     7.6     6.6     5.5     6.7     4.8     5.8     6.0     6.1     6.8     7.0     5.3     6.7     6.2 -9999.9M-9999.9M-9999.9M
 2013  3    10.2     7.3     7.1     5.2     6.9     4.9     7.0     6.8     6.0     6.3     7.1     8.1     8.9     8.8     8.3     6.2     6.0     6.6     5.5     6.7     3.8     4.9     5.4     6.3     8.9     9.4    10.2     8.9     7.5    11.0    13.2 
 2013  4     9.8     9.9    11.6     9.7    10.2     9.9     8.0     8.7     8.2     9.2     8.9     5.4     6.8     6.7     7.2     8.6    10.1     7.3    10.3    10.1     8.6     9.7    10.3    11.2    12.1    10.5    10.5     9.9     8.2     7.4 -9999.9M
 2013  5     8.9    11.7    14.6    17.7    19.2    18.6    12.3    11.4    11.3    11.4    12.8    14.0    11.5    11.1    12.5    13.5    11.3    11.3    12.5    11.9     9.9    11.6    11.2    10.5    11.1    11.3    11.1    12.2    11.6    11.8    11.6 
 2013  6    13.6    14.6    13.3    14.5    14.9    15.8    15.1    14.0    14.1    12.3    12.4    12.7    14.2    12.8    15.8    16.5    14.8    14.4    15.4    12.2    12.0    15.3    16.3    13.1    15.4    14.8    16.0    17.0    17.3    19.5 -9999.9M
 2013  7    19.0    17.5    16.9E   16.2    15.3    16.3    15.8    14.9    16.1    15.4    16.2    14.4    14.7    17.1    17.0    21.7    18.9    16.8    16.1    14.9    14.3    14.0    14.6    15.9    15.6    17.2    15.4    13.9    13.9    14.3    14.4 
 2013  8    15.0    13.0    15.1    15.9    15.3    14.9    15.6    17.9    15.6    15.0    14.5    15.6    15.5    15.8    14.7    15.4    16.5    15.4    14.8    15.9    19.7    17.0    15.3    15.3    14.2    15.5    16.2    16.4    15.7    17.2    18.1 
 2013  9    15.7    16.3    17.0    15.2    15.6    15.0    14.8    15.2    14.7    18.3    22.8    17.4    13.6    13.9    13.4    15.1    15.1    15.1    16.0    13.6    13.1    12.4    12.2    12.2E   11.8    12.2    11.4    11.4    11.6    10.0 -9999.9M
 2013 10    10.0    10.1    10.5     9.1    13.7    12.3    12.1    11.8     9.8    10.9    10.0    10.9    11.6    10.5    11.3    11.6    11.3    10.7     8.4     8.9     9.2     9.1     9.0     7.8    10.2    10.7    10.9    11.4     9.0     8.0    10.0 
 2013 11    10.4     8.5     7.5     5.4     6.1     7.2     9.5     9.4     7.8     7.8    10.3    10.8    10.4     8.8     7.3     6.7     7.4     7.0E-9999.9M    3.0     3.0     3.6     5.1     6.0     6.4     4.7     7.6     7.8     9.5     7.5 -9999.9M
 2013 12     7.0     4.8     2.0     0.8    -0.9    -3.2    -3.4    -1.0     0.4     2.6     3.3     3.5     6.4     7.2     8.2     7.7     5.7     5.0     2.0     1.9     3.6     5.9     7.9     5.3     4.0     5.6     6.2     5.7     5.2     6.0     7.0 
 2014  1     6.3     6.4     6.2     3.4     2.9     3.1     4.6     6.5     6.5     7.3     7.8     7.2     8.9     8.5     7.8     5.8     5.5     6.7     5.4     6.0     4.6     5.7     6.0     7.6     3.5     4.4     4.7     6.0     6.7     5.3     4.6 
 2014  2     4.5     3.3     1.8    -1.6    -1.7    -2.8    -0.5     0.5     2.1     4.5     6.2     8.4     7.9     8.4     6.4     4.6     6.3     5.8     4.8     6.6     4.4     2.3     1.1     0.6     4.1     5.7     5.9     7.3 -9999.9M-9999.9M-9999.9M
 2014  3     3.5     3.1     6.3     4.0     6.6     9.3     9.5     7.1     9.7     8.8     7.5     8.1     8.0     9.1     9.3     7.7     6.9     6.9     7.8     6.9     6.2     4.7     7.0     9.2     9.7     8.1     9.1     9.2     9.4     8.1     8.8 
 2014  4     9.4     8.5     8.5     9.1     9.0     9.9    12.6    10.2     9.7     9.6    10.8     9.8    12.8    12.3    10.8    11.1E   10.1     9.5     9.2    10.1    10.1    10.4     9.3    10.5     9.1     9.5     9.0    10.4    14.0    17.1 -9999.9M
 2014  5    18.5    13.8    12.5    10.9    11.7    12.4    11.2    10.8    11.4    11.8    11.7    15.2    18.2    18.6    19.9    15.3    12.6    13.1    12.8    14.1    14.3    13.9    15.2    12.5    11.4    14.0    13.1    14.4    12.8    12.6    13.5 
 2014  6    12.7    13.8    13.2    13.3    13.3    15.4    15.9    15.2    15.7    14.7    14.0    15.1    15.2    14.3    14.4    13.2    14.0    13.9    14.7    15.1    13.3    14.8    15.6    15.5    16.3    14.6    15.4    16.0    14.6    17.7 -9999.9M
 2014  7    22.5    17.9    15.4    14.5    14.8    16.6    16.8    16.3    15.8    15.9    17.3    16.5    18.0    14.7    15.5    14.6    15.0    15.1    17.3    17.4    14.3    15.5    13.7    15.2    15.0    15.6    16.8    16.8    18.0    17.4    17.2 
 2014  8    17.6    16.8    17.1    17.8    18.3    17.6    15.7    16.7    15.8    20.1    22.9    19.0    13.9    15.2    13.8    17.2    16.2    19.5    18.0    15.6    13.4    15.6    15.3    15.7    16.7    17.6    17.1    15.6    13.8    15.4    15.5 
 2014  9    15.8    15.3    14.6    16.7    18.6    21.3    16.9    16.3    15.1    16.4    16.9    17.4    19.2    19.0    20.1    15.9    15.0    15.3    15.8    17.0    16.9    15.7    14.8    14.5    14.8    13.7    13.3    14.8    13.3    15.2 -9999.9M
 2014 10    14.6    13.1    14.3    14.0    17.3    15.4    15.1    12.8    13.3    11.8    13.4    12.0    13.4    12.5    11.2    12.8    12.7    14.3    16.2    13.1    13.4    13.1E   11.3    10.1    10.1    10.9     9.6    12.4    13.3    11.6    10.9 
 2014 11     9.4     9.6    10.9    12.6    11.7    13.8    10.3     7.2    10.7     8.4     6.2     4.3     5.3     4.0     4.5     4.1     5.3     5.9     7.4     8.0     8.8     8.9     9.6     7.7     7.6     8.9    12.0     7.7    -0.1    -1.4 -9999.9M
 2014 12     1.2     1.7     3.9     4.4     6.0     8.7     8.9    10.3    11.8    10.9     9.3     9.5     6.2     6.2     7.2     8.2     7.4     7.9     8.1     9.0    10.0     8.0     7.7     7.3     5.9     5.4     7.3     4.9     2.5     0.7     1.5 
 2015  1     2.7     3.9     4.3     6.1     8.7     8.8     6.4     6.9     7.6     6.3     6.6     7.4     5.5     5.2     5.8     9.5     6.9     9.0     8.4     5.9     4.9     6.8     9.6    10.5    10.0     8.3     8.7     8.7     7.7     7.2     5.9 
 2015  2     7.2     8.2     8.7     7.5     9.5    11.0    10.5    10.1     9.6    10.8     9.2     9.0    10.5     9.7     8.1     9.2     9.8     9.0     9.1     9.3     8.4     7.5     7.6     8.2     6.8     8.5     7.6     8.4 -9999.9M-9999.9M-9999.9M
 2015  3     5.9     6.7     6.4     5.7     7.0     9.2    10.2     9.8     8.1     9.1    11.3    12.2    12.1    10.9     7.2     8.6     9.6    10.2     9.3    10.8    10.6     9.7     8.2     9.4     9.9    11.9    11.8    10.7    10.1    11.9     8.8 
 2015  4     9.2     8.3     7.9     8.6     8.8     8.5    10.0    10.1     9.7     9.2     7.7     8.5     8.1     8.5     8.9     9.6    13.7    12.0    13.8    13.0    10.7    10.7     9.5     8.2     9.2    10.0    13.7    12.5    11.6    11.8 -9999.9M
 2015  5    12.5    11.9    13.1    12.9    11.0     9.7    12.0    15.1    14.1    13.9    12.9    13.0    12.6    12.7E   13.5    13.5    13.7    14.1    14.0    13.0    13.6    13.1    12.0    13.1    12.2    13.6    13.4    14.3    14.9    14.4    13.5 
 2015  6    13.1    13.5    14.3    14.0    15.8    15.0    16.5    16.5    15.1    14.8    15.2    14.0    15.8    15.7    17.1    15.7E   15.1    16.3    16.8    13.6    16.2    16.0    15.5    15.8    18.0    18.8    20.6    20.8    20.6    17.4 -9999.9M
 2015  7    19.2    22.2    17.9    17.3    19.3    17.3    15.9    14.9    17.0    15.0    15.4    17.5    16.2    16.5    17.2    16.6    17.4    20.5    22.9    17.7    17.4    16.5    17.2    14.7    16.5    14.8    16.2    16.3    18.7    23.4    18.8 
 2015  8    16.9    16.8    18.8    16.1    15.4    14.5    15.7    15.3    18.1    18.4    18.9    20.4    16.9    16.2    17.0    15.6    16.9    20.2    19.8    15.9    16.3    18.6    16.8    15.6    15.5    16.9    18.3    15.7    16.6    15.0    14.1 
 2015  9    14.1    13.2    12.4    12.1    14.4    12.6    13.5    16.8    14.8    17.8    20.3    17.2    15.3    13.3    13.2    13.7    13.9    13.7    14.8    15.8    13.7    11.5    14.0    14.3    12.2    12.9    11.9    14.2    15.7    13.3 -9999.9M
 2015 10    12.7    12.9    13.8    15.7    15.1    13.0    12.7    13.1    14.3    15.1    13.0    12.0    12.8    11.8    13.7    15.2    14.0    13.2    12.3    12.1    11.7E   11.2    10.9     9.6    12.2    11.7    12.7    10.1    11.1    12.9    12.4 
 2015 11     9.6     9.4     9.3     7.8     9.7     9.0    10.2     9.4     8.8     6.9     8.6     7.6    10.6     7.5     7.5     5.5     9.9     6.3     6.0     4.3     4.7     6.3     5.5     5.7     4.1     5.0     4.7     4.1     3.0     2.6 -9999.9M
 2015 12     6.7     7.9E   10.0     8.8     8.1    10.2     9.2    10.1     9.1     8.2     7.6     6.9     7.6     6.4     5.5     4.7     4.5     6.2     5.5     6.2     5.0     4.3     4.3     4.1     3.9     3.9     4.9     4.1     4.6     2.2     2.0 
 2016  1     1.9     1.9     2.0     2.6     2.6     5.8     4.4     5.2     4.7     5.4     4.8     6.5     7.9     6.2     5.2     8.7     8.6     7.6     7.2     7.4     8.4    10.2     7.5     6.7     6.6     8.8    10.3     9.8     7.8     5.3     5.3 
 2016  2     5.7     6.5     6.4     6.5     9.7     6.7     6.4     9.0    10.1     9.3     7.8    10.7     7.6     9.5     8.6     9.5     7.8     9.5     7.3     6.3     6.4     7.2     6.5     9.3     9.1     7.9     9.3     8.6     8.2 -9999.9M-9999.9M
 2016  3     8.8     8.5    10.7    10.7    11.3    10.1     7.4     7.2     7.3     9.6     7.6     8.1     7.0     6.9     7.2     6.5     7.8    10.2    10.8    10.3     8.8     9.5     9.0     7.7     8.4     9.6     9.1     8.5    10.7    13.2    12.5 
 2016  4    10.7    10.9    11.7    10.5     9.3    12.8    14.8    14.0    10.1    10.4    11.7    10.2     9.8     9.3    10.8    12.2    14.9    17.7    18.4    19.5    13.1    14.4    12.5    11.0    11.7    10.1    11.0    13.3    13.2    11.6 -9999.9M
 2016  5    16.3    20.1    15.1    12.0    12.3    16.1    16.5    12.5    11.9    15.1    14.0    12.8    17.8    15.1    13.1    14.2    12.6    13.1    13.1    14.0    12.7    13.5    13.6    14.0    14.0    13.4    12.7    12.1    14.0    12.4    17.2 
 2016  6    14.6    14.8    17.5    21.0    23.8    19.5    15.3    15.4    13.2    13.0    13.9    14.1    13.6    12.6    11.9    12.0    15.3    13.5    15.2    15.9    14.6    14.6    14.2    15.4    15.5    18.5    17.4    15.5    15.9    16.4 -9999.9M
 2016  7    13.4    16.6    15.8    15.3    15.0    14.1    15.1    15.0    15.5    15.1    14.7    16.2    15.5    16.7    16.2    16.3    17.1    16.1    16.7    16.5    18.5    18.1    17.0    15.5    17.2    16.2    16.1    17.3    18.1    16.9    15.9 
 2016  8    16.5    16.8    15.7    18.9    16.7    15.4    14.3    16.2    14.8    17.0    17.7    20.1    19.0    17.0    16.0    16.4    16.0    20.4    25.7    20.8    15.8    16.2    17.4    19.3    23.4    20.2    16.9    14.5    14.9    15.8    15.1 
 2016  9    13.7    13.8E   14.0    13.2    12.9    14.4    14.7    15.8    14.2    16.6    15.3    16.8    17.2    15.1    13.4    13.0    15.0    13.9    14.6    14.2    13.4    13.6    13.4    13.3    16.3    15.6    13.7    12.9    11.0     9.9 -9999.9M
 2016 10    12.1    13.0    11.3    11.9    14.0    11.5    13.4    11.1    11.3    10.5    11.0    10.2    10.8    11.4    10.9    12.1    11.4    11.1    11.2E   12.4    10.5     9.8    11.8    12.3    13.7     9.9    11.2    12.1    11.1     9.5    10.6 
 2016 11    10.5    11.4    12.1    10.8    12.1    10.9    12.2    14.1    12.5    12.0    11.3    11.7    10.0    10.6     9.6     7.9     7.6     7.5    10.3    10.7    10.1     8.1     8.6E    8.0     7.3     6.9     5.9     7.5     7.7     8.3 -9999.9M
 2016 12     5.8     8.3     7.3     5.5     3.8     1.3    -0.8     0.1     1.6     4.3     5.5     2.4     0.7     0.0    -0.2    -0.9    -1.1     2.3     5.6     6.7     5.4     5.1     3.0     2.5     1.3     3.3     5.2     5.4     5.7     4.2     2.9 
 2017  1     2.1    -0.6    -1.8     0.5     1.2     2.7     2.9     3.4     4.9     1.2     0.0    -0.3    -0.4     1.4     3.3     4.6     8.5     9.6     7.9     5.9     7.6     6.1     6.2     4.7     5.3     5.9     6.6     6.1     6.4     4.6     3.5 
 2017  2     3.1     3.9     2.2     3.0     1.5    -0.8    -0.2    -0.8     4.7     5.6     5.9     6.4     6.3     6.6     8.4     9.7     7.6     6.0     7.3     6.2     6.8     5.4     4.2     4.1     4.3     4.3     1.9     3.2 -9999.9M-9999.9M-9999.9M
 2017  3     6.2     6.7     5.0     4.0     3.9     3.4     3.4     4.7     2.9     6.6     7.2     9.0     8.6    10.4     9.1     7.6     6.1     6.4     6.2     7.1     9.2     9.3     7.1     9.0     8.1     7.1     8.5     8.5     9.7     9.7     7.6 
 2017  4    10.3     8.5     7.4     8.8    10.1    10.4     9.0     7.9     8.0     8.6     8.5    10.4     9.3     8.5     9.0    10.6    12.8    10.6    10.7    10.7    11.7    11.5    10.0    10.6    11.1    10.5    10.0     9.4     9.6    10.0 -9999.9M
 2017  5     8.5    10.3E   12.6    15.8    11.1    10.1     9.9    10.9    13.4    11.8    10.8    10.5    10.0    11.2     9.1     9.1    12.0    11.8    12.3    13.7    14.3    19.5    13.9    13.1    13.4    14.9    16.0    15.3    14.0    11.3    12.2 
 2017  6    14.6    13.4    13.3    14.1    12.9    17.4    15.3    13.9    13.1    13.6    13.8    15.2    14.1    12.7    12.4    14.6    11.5    12.3    15.4    14.9    15.0    15.8    19.2    23.0    23.2    18.4    14.1    14.9    14.3    14.8 -9999.9M
 2017  7    13.9    16.4    15.3    14.9    16.2    15.7    16.2    15.4    18.2    15.4    15.7    15.6    16.0    14.4    16.4    16.3    15.1    16.6    16.9    16.6    14.6    16.7    16.6E   17.9    16.4    17.0    15.4    14.8    16.0    17.8    18.0 
 2017  8    20.0    21.6    23.8    20.5    17.0    16.1    15.6    16.0    16.5    16.0    15.9    15.0    15.6    15.1    14.5    16.8    17.0    17.2    16.5    17.6    15.9    18.3    17.0    16.2    14.4    16.0    20.8    21.7    19.0    16.4    16.8 
 2017  9    15.8    18.6    21.2    22.7    22.8    18.1    16.8    15.5    13.3    13.5    14.5    15.1    13.0    17.1    16.6    14.7    13.5    12.0    11.9    11.6    12.6    15.7    15.2    13.8    13.6    16.7    17.4    19.6    14.7    12.9 -9999.9M
 2017 10    11.6    13.4    14.5    14.2    13.8    12.4    12.0    11.9    10.0    10.6     9.9     9.5     8.7     8.0    11.1    10.4    11.4    10.1     9.7     9.7     9.6    11.7    11.7    12.8    11.7    11.3    12.8    13.1    13.2    12.3     9.2 
 2017 11    11.8     4.9     2.3     2.3     3.0     4.4     5.5     8.5     8.2     8.8     8.2     8.6     9.1     8.1     8.5     7.0     7.0     8.1     8.3     7.7     8.0    12.3    11.4     8.4     8.5     9.2     8.1     6.9     7.3     7.3 -9999.9M
 2017 12     6.7     6.1     4.6     4.5     4.3     5.3     5.3     4.4     4.5     6.4     5.8     6.9     6.9     7.4     7.1     5.6     7.7     7.5     3.6     3.5     2.0     2.5     0.7     0.6     1.1     2.5     3.4     5.9     4.8     4.9     2.8 
 2018  1     2.9     3.6     4.1     3.9     7.1     7.7     6.1     6.9     6.6     6.0     4.9     5.1     6.8     6.9     8.8     9.0     9.2     8.0     5.9     6.0     7.5     6.6     6.1     7.4     5.5     5.0     6.6     7.2     7.8     6.2     4.8 
 2018  2     5.6     9.1     8.8    10.3     8.8     6.7     7.9     8.6     5.3     3.8     4.7     3.1     3.2     5.7     4.3     5.7     5.5     1.7     0.5     0.9    -0.5E-9999.9M    1.8     4.9     4.1     3.5     6.9     5.7 -9999.9M-9999.9M-9999.9M
 2018  3     6.6     4.3     5.5     6.2     6.1     6.7     5.2     7.2     7.7     6.4     9.1    11.5    11.0     9.0     7.6     9.2     8.5     8.4     6.8     7.4     8.0     6.0     6.2     6.8E    5.9     6.9     9.8     9.0     7.4    10.2     8.9 
 2018  4     6.7     6.7     6.6     6.0     8.0    11.0    10.9    10.0    10.5    12.6     8.0     8.2     8.8     8.5     7.5     6.7     8.8     9.6     8.2     9.5     9.6     9.8    12.3    14.6    16.6    17.8    12.3    10.2    10.1    10.6 -9999.9M
 2018  5    11.4    11.3    12.2    11.0    14.3    17.1    12.5    15.0    14.4    12.4    11.7    14.1    19.0    16.1    14.5    13.6    12.8    12.2    13.0    13.4    13.2    13.2    15.1    14.5    13.8    14.4    14.3    14.4    13.2    11.5    13.1 
 2018  6    11.8    14.1    12.6    13.5E   13.2    13.1    14.6    13.1    12.7    11.5    12.5    13.3    14.3    13.8    14.2    16.8    19.0    18.7    15.0    16.7    15.4    15.8    16.0    16.1    15.4    14.6    14.2    14.4    14.4    14.2 -9999.9M
 2018  7    14.9    14.8    14.1    18.6    17.8    17.6    17.7    16.8    16.5    18.2    18.9    19.4    16.6    18.1    20.4    18.3    16.5    16.9    15.1    15.6    14.7    19.1    17.7    17.1    16.8    17.1    16.3    16.5    17.1    18.1    16.2 
 2018  8    15.2    14.5    15.7    15.7    16.8    17.0    17.8    18.9    17.6    18.1    15.8    14.8    18.5    20.6    16.8    14.5    14.1    17.1    15.6    18.9    20.5    16.6    14.8    15.3    14.0    15.7    17.0    16.6    15.8    17.5    15.3 
 2018  9    15.5    14.4    15.7    15.8    17.7    16.2    14.8    13.9    14.0    13.9    14.3    13.2    12.3    12.9    13.1    13.2    12.0    12.9    12.3    13.0    14.7    14.7    12.8    13.8    14.6    14.6    15.7    18.3    16.9    12.1 -9999.9M
 2018 10    12.5    12.4     8.4     9.9     9.0    10.6     9.7    10.7 -9999.9M-9999.9M   11.6    11.3    12.7    12.3    12.5    14.0    14.1    12.9    10.4    10.9    12.2     9.3     8.3    11.0    11.3    12.7     8.7    11.1     9.3     9.9    11.5 
 2018 11    12.2    12.7    10.9    11.6    11.2    10.5     8.5     7.1     6.3     7.7     6.4     7.6     7.4    11.3    10.2    10.1     6.9     6.3     6.2     6.6     8.9     7.9     7.1     7.2     7.0     9.4    10.9     9.3     8.2     8.1 -9999.9M
 2018 12     6.7     5.6     4.4     3.2     3.8     3.3     3.3     6.0     7.7     7.4     8.0     7.2     8.3     9.6     7.4     8.7     7.9     8.3     8.0     9.5     5.1     6.9     7.2     5.9     5.4     5.4     4.6     6.2     8.7     7.3     4.4 
 2019  1     5.1     4.7     7.5     9.1     7.9     6.1     5.7     4.6     7.2     9.2     8.8     8.4     7.7     6.4     5.1     5.5     8.6     8.0     8.6     6.6     6.0     6.3     7.9     7.0     7.8     7.1     5.9     6.4     6.1     5.1     6.5 
 2019  2     7.3     5.9    -0.2    -3.3    -1.5     0.1     1.1     0.4    -2.2    -1.0    -2.5    -0.2     0.6     0.8     3.7     5.1     4.9     3.6     4.0     3.3     4.2     5.1     5.0     4.8     2.4     1.5     3.7     3.9 -9999.9M-9999.9M-9999.9M
 2019  3     4.3     4.4     3.3     2.8     3.3     2.3     5.3     3.4     4.3     4.9     4.7     6.4     7.0     7.5     9.2    10.3    10.3    12.7    14.3    15.6    11.1    10.6    10.6     7.9     8.3     9.2     9.7    11.4    10.8     9.1    12.0 
 2019  4    12.5    14.1    11.0    11.7    11.0     9.3     9.6     8.6    10.1     9.4     8.9     9.7     8.3     7.2     9.2     9.1    11.6    10.8    12.4    10.1    10.5     9.0    11.9    10.2    10.6    10.8     8.9    11.0    11.6    12.7 -9999.9M
 2019  5    12.5    12.3    11.5    12.9    14.2    14.1    13.8    13.0    18.0    18.2    14.4    11.3    10.6    12.2    14.3    13.2    13.6    14.3    15.4    10.6    12.4    15.5    15.9    13.9    11.1    13.6    15.0    12.8    12.5    13.5    14.2 
 2019  6    15.9    14.3    14.7    13.4    12.3    12.1    12.2    13.5    12.8    14.4    20.1    22.5    17.1    14.5    14.9    15.5    17.1    14.8    13.9    14.8    14.2    15.2    14.5    14.0    14.8    15.1    14.0    14.8    15.5    17.8 -9999.9M
 2019  7    17.2    14.0    14.3    15.4    13.4    14.0    13.3    14.7    15.0    15.0    15.8    15.8    17.3    15.8    15.5    15.9    15.3    16.2    15.4    17.5    16.9    17.3    16.6    17.1    17.3    19.6    18.7    16.8    16.7    15.0    17.3 
 2019  8    17.9    18.0    18.1    20.2    17.0    16.2    16.3    15.4    15.4    15.1    16.0    17.9    18.3    18.1    17.6    15.7    16.3    15.4    16.8    16.2    14.7    15.9    14.6    16.6    16.1    18.0 -9999.9M   22.4    16.6    17.0    16.9 
 2019  9    16.5    16.6    16.0    15.4    18.8    17.5    15.0    14.7    13.8    14.6    14.6    15.1    14.4    13.8    14.4    14.3    12.7    15.3    13.4    15.1    14.8    14.6    12.9    15.6    13.9    14.3    11.6    11.9    12.0    11.3 -9999.9M
 2019 10    10.3    11.0    12.2    10.4    12.2    11.7    11.9     9.3     7.3     7.6     9.7    10.8    11.4     8.9     9.4    11.4    11.3     9.1     9.6     9.5    10.5    11.2     9.3     9.9    10.5     8.9     9.2     7.3     6.3     6.3     7.9 
 2019 11     8.1     8.9     9.4     9.6    10.3     9.4     9.3     8.3     9.5    10.3     9.2     8.7     9.3     8.4    10.6     9.4    10.9     8.4     9.2     7.7     7.4     6.1     7.3     8.9     6.9     4.3     4.5     3.5     2.1     2.1 -9999.9M
 2019 12     3.2     5.4     7.4     7.5     6.1     7.1     7.7     8.1     6.5     5.8     7.3     7.5     7.3     6.6     5.0     6.0     6.7     6.7     7.0     7.0     6.2     6.2     4.8     4.7     4.9     4.1     6.1     6.1     7.8     7.6     8.9 
 2020  1     8.8     5.6     8.3     6.3     5.7     5.7     8.4     4.7     4.1     5.6     5.4     2.6    -3.4    -3.9    -0.3     3.1     2.4     6.1     7.6     7.9     7.9     6.9     8.4     8.4     8.4     9.2     7.5     7.0     8.6     7.2    10.2 
 2020  2     6.6     3.6     3.3     2.4     3.8     5.2     6.0     7.8     4.7     6.5     7.7     6.8     7.0     6.7     7.4     6.2     4.9     4.1     4.8     6.0     5.7     7.5     5.9     6.5     5.5     7.3     8.1     6.8     6.9 -9999.9M-9999.9M
 2020  3     5.6     6.9     8.2     7.3     6.9     6.3     5.5     3.9     4.6     6.0     7.9     6.3     4.5     1.6     3.2     7.2     7.3     7.4     6.3     7.6     8.3     7.9     7.4     6.5     7.3     6.9     7.6     9.1     9.0     5.9     6.4 
 2020  4     5.9     6.3     5.5     6.8     7.9     8.1     9.4    10.4     9.6    10.1    11.1    10.9     9.5    10.0    11.8    13.0     9.6    10.8    10.3    11.1    10.6     9.4    11.4    11.0    11.8    10.9    11.6     9.8    12.7    11.8 -9999.9M
 2020  5    12.0    11.1     9.4    10.3    13.3    12.0    12.3    17.7    20.3    21.3    14.7    13.8    13.1    12.0    12.9    11.8    12.5    12.3    13.6    13.4    11.4    13.2    11.9    12.1    12.3    12.8    15.7    19.7    15.4    11.8    14.1 
 2020  6    12.2    11.4    12.1    13.1    12.9    13.0    14.2    13.3    12.5    15.0    14.1    13.9    12.7    13.3    13.5    12.9    15.4    14.8    14.5    15.5    15.3    15.3    17.0    17.0    14.7    16.2    14.2    15.4    14.9    16.2 -9999.9M
 2020  7    13.1    14.1    11.7    13.7    14.5    14.6    15.1    13.7    14.2    14.0    13.9    14.8    14.3    15.3    15.6    18.4    16.6    16.1    18.4    18.7    18.3    15.1    15.7    16.3    14.4    21.0    19.7    17.6    15.7    18.1    16.5 
 2020  8    15.2    15.6    15.5    17.0    17.0    15.7    15.0    16.0    15.3    15.6    15.5    15.0    14.6    15.3    21.1    22.6    18.6    16.7    15.3    17.2    15.9    15.6    14.8    16.1    14.4    15.0    14.4    16.4    15.1    14.3    13.9 
 2020  9    15.4    17.4    18.1    19.7    15.2    14.9    19.3    20.0    22.1    23.3    17.2    12.8    12.6    14.4    17.7    16.6    14.8    13.1    16.8    14.3    13.2    14.5    13.4    14.2    14.3    11.7    13.6    15.3    17.8    17.8 -9999.9M
 2020 10    13.7    16.1    12.4    14.0    12.0    14.8    13.8    12.4    12.6    12.3    10.7    12.9    11.6    12.4     9.8    12.3    11.4    10.9    11.4    10.9     9.6     8.1     6.4     5.5     3.9     5.0     8.6    10.7    11.0    10.3     8.5 
 2020 11     9.3     7.3     8.4    12.0    10.8     8.4     5.5     5.9     4.9     4.6     5.0     7.0     7.9     6.6     8.1     6.9    10.5     7.6     7.3     7.6     6.3     5.3     7.2     7.7     7.7     6.6     7.9     7.7     6.6     8.0 -9999.9M
 2020 12     5.7     6.0 -9999.9M    7.9     7.8     8.5     8.5     8.8     7.7     5.6     6.0     5.3     5.9     8.1     7.6     7.8     8.2     7.5     7.6     9.2     3.7     4.7     3.8     2.4     5.4     7.2     6.2     5.3     4.5     6.8     7.2 
 2021  1     8.3     7.6     8.0     6.9     6.8     8.0     6.4     7.2     4.8     7.9     7.3     9.4     8.0     6.9    10.3     6.1     8.3     6.5     5.5     5.9     6.3     4.5     3.2     4.8     4.4     4.4     4.8     4.8     5.0     7.0     6.9 
 2021  2     6.8     6.1     6.6     6.9     8.8     8.1     6.0     3.8     1.2     1.1    -2.8    -2.0    -1.2     1.0     2.7     5.8     5.6     5.4     6.5     6.3     8.2     7.7     5.2     4.0     4.8     6.6     5.2     6.8 -9999.9M-9999.9M-9999.9M
 2021  3     7.2     6.3     6.9     7.1     9.4     7.8     6.5     7.4     6.9     6.1     6.8     7.1     6.7     6.8     4.7     5.9     6.6     8.7     8.7     8.2     6.8     7.6     6.8     7.7     7.9     7.7     7.8     5.5     6.6     6.7     7.9 
 2021  4     9.2     8.0     8.7     8.1     7.4     7.4     7.4     7.5     6.0     6.3     6.7     8.8    12.4    12.2    15.0    15.6    17.4    14.0    14.9    11.4    10.7    11.2    11.0     8.8     9.2    10.7     9.9    11.2    13.1    11.6 -9999.9M
 2021  5    11.2    10.6    10.8    12.1    11.9    12.8     9.8     9.4    10.6    10.4    11.6    14.1    12.3    13.7    12.2    12.5    11.5    10.6     9.8    10.9    12.1    12.4    12.7    12.0    14.0    12.1    11.8    12.7    13.8    15.0    16.3 
 2021  6    21.0    19.3    15.0    13.7    12.7    10.6    10.8    11.3    13.2    12.7    12.2    15.0    13.8    13.5    13.9    14.3    15.0    15.0    17.2    17.7    21.4    16.0    14.2    15.9    21.2    24.4    28.4    29.7    22.2    16.4 -9999.9M
 2021  7    15.4    16.3    16.0    16.5    15.6    15.9    15.2    14.6    15.9    15.5    16.5    16.7    16.6    15.4    15.3    15.2    14.6    15.2    17.4    17.3    17.4    15.3    15.0    16.3    18.8    16.4    15.5    17.6    17.2    18.2    17.8 
 2021  8    16.4    16.1    18.5    18.1    19.0    16.3    16.5    16.8    16.2    19.2    22.2    23.1    21.6    16.2    20.1    17.8    14.8    14.9    15.8    14.4    13.8    16.1    14.7    17.2    15.4    15.2    16.2    14.0    15.4    15.0    14.6 
 2021  9    15.1    17.2    13.6    15.0    15.2    15.3    18.9    17.4    17.8    17.4    13.2    15.0    14.6    12.6    14.0    13.5    12.3    14.6    13.1    13.5    15.8    13.9    14.9    16.5    13.8    12.4    13.8    12.7    11.9    12.4 -9999.9M
 2021 10    11.3    11.6    12.2    11.1    11.0    10.3     9.4    10.0     9.1    10.1     8.2     7.5     8.4     9.9    10.6    13.5    10.4     9.4     9.4    11.2    13.3    10.4    11.6    10.9    10.9    10.7    10.5     8.8     9.3     8.3     8.9 
 2021 11     8.1     9.3    10.8    10.9     8.2     8.0     6.9     7.9     8.3     7.9     8.5    10.7     8.3    11.3     8.7     7.6     4.6     4.7     6.1     6.0     6.9     6.5     8.3     6.4     7.3     9.8     8.6    11.4    10.1     9.7 -9999.9M
 2021 12    11.2     7.3     4.1     2.6     3.3     3.2     5.3     6.1     5.1     4.5     6.5     4.0     4.6     4.7     4.8     4.6     3.3     5.8     4.1     1.7     2.1     6.3     4.1     3.0     0.1    -5.9    -7.3    -5.1    -3.2    -0.6    -1.9 
 2022  1    -0.7     5.2     3.7     3.8     1.5     3.3     4.5     3.0     4.8     6.7     7.9     8.6     7.8     7.0     5.7     5.4     6.1     6.8     7.3     8.0     6.1     5.9     3.6     4.5     4.5     3.6     4.2     3.5     5.3     5.7     6.2 
 2022  2     3.7     3.4     5.9     7.9     6.6     6.4     7.7     6.6     7.7     7.0     7.9     6.9     6.8     8.1     6.8     7.4     7.4     7.0     7.5     6.4     2.3    -1.3     0.0     2.3     3.1     4.9     8.8     8.0 -9999.9M-9999.9M-9999.9M
 2022  3     8.9     9.0     8.5     7.5     6.8     7.6     6.5     8.8     5.5     4.4     5.7     6.3     9.1     8.2     8.9     8.0     6.9     7.7     7.4     6.2     6.7 -9999.9M    9.2     7.4     9.9     9.2    10.9     9.5     9.1     8.9     8.4 
 2022  4     7.3     8.7     8.9     6.7     7.4     7.5    12.1     9.9     7.1     4.6     7.7     4.7     6.3     7.2     7.0     6.7     7.8     7.3     8.1     7.1     8.8     9.9     9.5    10.3    10.1     8.7     8.4     8.5    10.8    11.0 -9999.9M
 2022  5    10.4    10.7    10.0    10.1     8.5     9.5     9.3     9.0    10.2     9.9    10.4     8.0     9.3    12.2    11.4    11.9    10.3    10.0    10.8    10.2    11.6    12.2    13.1    10.5    12.8    11.0    13.3    12.1    12.7    11.7    12.3 
 2022  6    16.1    15.3    13.2    12.8    14.4    12.4    14.4    15.2    11.5    13.9    13.8    13.8    12.6    12.6    11.5    13.8    13.3    15.6    14.2    14.4    12.5    15.2    14.2    16.7    21.2    24.0    21.9 -9999.9M   14.2    15.7 -9999.9M
 2022  7    16.2    14.9    12.2    13.6    16.1    15.6    14.9    14.4    15.9    15.5    19.6    16.5    15.6    15.2    14.0    14.9    15.5    14.4    15.2    16.3    16.5    14.4    15.0    15.7    20.8    22.6    18.7    18.8    18.5    19.5    18.8 
 2022  8    17.9    15.2    15.5    16.1    17.4    20.3    22.3    21.2    17.0    14.8    17.2    16.7    17.1    17.0    16.9    16.4    21.5    22.8    19.7    15.5    15.9    17.0    16.2    17.5    17.5    16.6    14.8    15.2    17.1    23.5    18.6 
 2022  9    14.3    15.7    16.1    16.4    17.3    18.9    18.0    16.2    19.0    20.5    16.3    16.0    15.4    15.6    15.2    14.9    14.5    16.9    17.5    20.1    18.0    14.8    15.4    16.4    18.6    18.4    14.1    14.3    15.3    13.3 -9999.9M
 2022 10    17.4    19.3    15.0    12.7    13.6    16.4    15.7    16.1    16.5    14.5    13.0    14.7    16.4    15.6    17.4    18.5    13.5    13.3    13.4    12.2     9.5    10.3     8.8    11.1     9.1     8.4    12.0    10.7     9.0     9.6     9.4 
 2022 11     7.7     6.2     5.5     9.1     7.3     6.0     1.7     1.7     4.0     5.4     5.2     6.1     6.9     5.9     6.0     4.6     6.3     5.1     4.6     4.8     7.0     7.5     8.8     7.7     7.7     6.9     6.5     1.3     1.6     3.1 -9999.9M
 2022 12    -0.2     2.4     2.9     3.0     3.0     4.0     5.4     5.6     4.5     7.5     6.7     5.0     4.0     5.2     4.0     3.4     2.5    -0.5    -4.8    -3.5    -6.8    -6.4     0.1     6.9     8.5     8.9     8.4     7.3     7.1     7.9     7.1 
