1093600, HORSEFLY LAKE GRUHS , BC  , station not joined, Homogenized daily mean temperature           , Deg Celcius,          Updated to 2022
1093600, HORSEFLY LAKE GRUHS , BC  , station non jointe, Temperature quotidienne moyenne homogeneisee , Deg Celcius, Mise a jour jusqu a 2022
 Year Mo  Day 01  Day 02  Day 03  Day 04  Day 05  Day 06  Day 07  Day 08  Day 09  Day 10  Day 11  Day 12  Day 13  Day 14  Day 15  Day 16  Day 17  Day 18  Day 19  Day 20  Day 21  Day 22  Day 23  Day 24  Day 25  Day 26  Day 27  Day 28  Day 29  Day 30  Day 31
Annee Mo Jour 01 Jour 02 Jour 03 Jour 04 Jour 05 Jour 06 Jour 07 Jour 08 Jour 09 Jour 10 Jour 11 Jour 12 Jour 13 Jour 14 Jour 15 Jour 16 Jour 17 Jour 18 Jour 19 Jour 20 Jour 21 Jour 22 Jour 23 Jour 24 Jour 25 Jour 26 Jour 27 Jour 28 Jour 29 Jour 30 Jour 31
 1987  6 -9999.9M-9999.9M-9999.9M-9999.9M-9999.9M-9999.9M-9999.9M-9999.9M-9999.9M-9999.9M-9999.9M-9999.9M-9999.9M-9999.9M-9999.9M-9999.9M-9999.9M-9999.9M-9999.9M-9999.9M-9999.9M-9999.9M-9999.9M   12.0    15.8    16.8    17.5    17.5    19.3    19.5 -9999.9M
 1987  7    22.3    19.8    16.5    16.5    13.5    15.0    14.5    10.5    12.5    15.5    15.3    17.3    18.0    15.3    11.5    10.3    12.5    12.5    17.5    14.8    15.3    15.8    17.3    17.8    16.8    19.3    17.5    18.5    18.5    15.8    10.5 
 1987  8    11.3    12.8    14.3    15.0    13.0    15.0    16.3    16.5    16.0    14.8    11.0    13.3    12.0    12.9    11.5    12.0    12.5    13.0    10.3     9.8    11.3    11.3    13.0    13.3    13.9    13.5    15.3    13.3    10.3    12.8    18.5 
 1987  9    12.8    13.0    10.5    12.8    13.3    12.0    11.8    11.8    13.3    14.3    15.0    13.5    11.3    13.0     8.0     6.5     7.3    10.5    10.0    17.8    16.8    14.8    12.8    12.3     9.8     8.8     6.3    10.3     9.8    11.0 -9999.9M
 1987 10    10.0    14.5    12.8     4.3     8.5     8.3     6.5     2.0     2.0     4.5     7.8     4.0     2.0     3.8     1.5     4.8    -1.5     1.0     1.8     3.5     0.0     1.3     0.5     2.8     7.3     0.3     4.5     9.3     8.5     9.3     8.0 
 1987 11     4.0     2.0     5.0     4.5     3.3     4.0     3.8     7.5     7.3     7.5     5.5    -0.5     3.5     0.3    -1.0    -4.0    -6.8     0.0     4.3     9.3     2.0     2.5     1.5     3.5    -1.5     2.0     2.0    -2.5    -1.0     2.3 -9999.9M
 1987 12     5.0     3.0     2.8     2.3     2.0     8.8     2.3     4.0     1.8    -0.8    -2.0    -4.0    -8.3    -2.8   -10.0   -13.3    -7.0    -7.8    -5.5    -4.5    -8.3   -13.0   -14.3   -12.3    -9.0    -7.5    -4.3    -5.8    -5.5   -12.0   -13.0 
 1988  1   -20.3   -18.3   -15.0   -15.8   -17.0   -16.5   -15.3   -14.3   -10.5    -4.5    -5.5    -7.8     1.3     1.8     0.5     0.0    -8.3    -4.5    -5.5     1.8    -6.5     0.5    -5.5    -7.3    -6.8    -3.8    -0.5     6.3   -16.5   -21.5   -23.8 
 1988  2   -21.8   -16.0   -17.3   -13.5   -10.0    -3.0    -0.5   -10.8   -12.5    -6.8    -1.8     0.3     0.3    -0.8    -0.5    -3.8     0.0    -0.8     2.8    -1.3    -2.8    -7.5    -7.8    -4.0    -2.0    -0.5     3.8     0.3     2.3 -9999.9M-9999.9M
 1988  3     2.5     1.0     2.0     0.3    -1.8     2.0    -2.3     5.3     0.0    -2.3    -4.3     3.3    -1.5     0.8    -2.0    -0.8     2.0     3.3     3.8     7.0     0.8    -1.3     4.5     2.3    -0.5    -0.3    -3.0    -2.0     1.3     0.0     4.8 
 1988  4     3.0     2.3     5.3     3.3     1.5     2.5    -0.5    -0.3     2.8     5.8     3.8     6.3     9.8    11.3    10.8    11.0     9.3     8.8     7.0     7.8     8.3     8.0     3.5     4.5     8.5     7.3     8.5    15.5     8.3     4.0 -9999.9M
 1988  5     3.0     5.3     8.0     5.3     7.5     7.5     8.5    10.0    11.3    12.3    15.8    16.8     9.5     9.0     7.8    11.5     8.0     7.8     9.0     8.8    14.3    16.5     9.8    11.5    10.5     7.5    13.8    13.8    10.3     9.5    10.3 
 1988  6     7.3     8.0    13.3     9.0    10.3    12.0    13.8    12.3    12.3    11.8    10.8    12.5    13.3    15.5    18.3    15.0    16.8    14.5    11.0    14.3    12.3    18.3    13.3    12.5    18.0    17.3    14.0    12.8    12.0     9.5 -9999.9M
 1988  7    12.3    12.5    11.5    12.3    13.0    14.0    14.0    15.8    19.8    18.8    12.8    11.8    13.8    11.3    11.0    12.3    11.3    13.5    17.5    19.3    17.5    16.5    12.8    18.0    18.0    14.3    16.5    16.5    16.8    15.5    14.8 
 1988  8    15.3    13.8    19.0    17.0    12.3    13.5    14.3    13.5    15.0    12.8    13.0    14.0    16.0    13.5    13.8    13.3    12.0    12.5    13.8    11.5    12.5    13.8    17.3    18.0    16.8    17.3    17.8    18.5    18.0    11.8    11.0 
 1988  9    14.8    18.0    19.0    21.0    17.5    13.0     9.0     5.5     8.3     6.8     8.3    12.3    14.5    14.8    10.5     8.0     5.0     2.3     7.3     5.0     6.3     5.0     5.8     3.5     5.3     4.5     8.3     8.3    13.8    10.8 -9999.9M
 1988 10    12.5    10.3    13.0    14.5    10.8    10.8    10.3     8.5     9.8     9.3    10.0     8.5    12.5     6.8     4.5     5.0     1.3     1.5     6.5     6.3    10.0     1.8     6.5     3.5     8.0     1.8    -2.0    -2.3     1.5     6.8     3.8 
 1988 11     6.0     3.5     6.0     4.5     6.0     5.3     2.0     0.0     1.3     4.5     2.0     1.5     0.3    -2.0    -3.5    -2.5    -3.5    -3.8     0.3     2.0     3.0     0.5    -1.5    -3.8    -6.3    -4.8    -3.5    -2.8    -0.5    -0.3 -9999.9M
 1988 12     3.0    -2.3     1.3     8.5     1.8    -2.0    -3.5    -1.8    -1.3    -3.0    -2.5    -0.3    -1.3   -10.0    -7.8   -11.8   -12.0    -6.3    -6.3   -15.0    -8.8   -10.5    -8.5   -12.0   -14.0   -16.8   -11.8    -6.0    -5.8    -5.3   -17.5 
 1989  1   -14.3   -13.3    -5.8    -5.5   -10.8   -15.3   -22.3   -19.3   -12.8   -11.8   -10.8    -4.3    -4.3   -11.8    -8.3     0.0    -3.8    -1.5    -1.0     2.8    -5.3   -10.0   -16.3    -8.0    -6.0     0.5    -3.3    -3.5     0.0     1.0   -27.8 
 1989  2   -32.3   -31.5   -31.3   -28.5   -24.8   -21.5   -18.5   -18.3   -15.8   -15.8   -14.5   -13.5    -8.0   -11.0    -7.5   -14.3   -21.3   -14.0    -9.3    -0.3    -2.8     5.0     3.3     2.0    -3.8    -9.3    -2.5   -11.5 -9999.9M-9999.9M-9999.9M
 1989  3   -21.5   -20.8   -14.8    -8.8     2.3     2.5    -3.0     3.5     0.3     4.8    -5.3    -1.8    -0.5    -1.5    -1.8    -8.0    -9.0    -4.0    -1.0    -0.5     4.8     3.0     0.0     2.5     4.3     3.8     5.5     3.5     1.0     0.8     2.3 
 1989  4     0.8     2.0     1.0     0.3     3.3     2.3     3.0     0.8     2.5     4.0     5.5     5.0     6.8     6.0     4.0     2.8     3.3     6.5    10.3    12.8     5.3     6.5     4.3     6.3     5.5     7.0     7.8     9.5    10.3    10.0 -9999.9M
 1989  5     7.8     8.5    11.3    10.3    11.8    14.5    12.8    13.8    11.3    10.5     5.5     5.8     8.0     8.8     9.3    11.8     7.8     7.0     7.0     4.5     5.0     7.3    10.5    10.5     5.8     4.8    11.0     9.5    11.5    14.3    14.3 
 1989  6    15.0    14.0    14.3    16.3    17.0    15.0    13.5    15.0    14.0    14.5    16.8    19.0    16.0    17.5    12.3    11.3    10.5     9.3     8.5    10.5    11.5    13.5    15.0    15.5    15.8    11.5     8.8     8.0    11.8    15.8 -9999.9M
 1989  7    14.3    13.8    12.8    12.0    12.0    13.3    15.0    12.3    14.3    15.0    15.5    18.0    17.0    19.8    16.5    13.5    17.0    17.0    18.5    15.5    12.3    12.8    13.3    13.0    15.3    17.8    18.8    17.0    18.8    20.5    19.8 
 1989  8    17.5    12.0    15.3    16.8    20.3    19.3    19.5    18.5    17.0    13.3    14.8    16.8    18.5    15.3    12.5    12.8    17.3    17.3    15.5    14.5    13.3    12.5    12.5    12.3    12.5    12.0    11.0     9.5    12.0    12.3    12.0 
 1989  9    12.8    11.5    10.5    13.0     9.0    10.3    12.5    10.0     8.5    10.5    11.8    12.8    12.5    11.3     8.5     9.5     8.0     4.5    10.0    12.8    12.0    13.5    12.3    11.5    13.0    12.8    12.5    11.3    12.3     5.8 -9999.9M
 1989 10     4.3     4.8     6.5     6.8    11.0     9.3    10.8     9.0     8.0     6.8     6.8     7.5     4.0     3.3     2.8     1.5     6.3    13.5     5.5    10.3    11.0     7.0    10.8     5.8     6.8     5.5     1.3    -1.8    -2.3     0.0     1.5 
 1989 11     1.8     0.0     1.8     3.0     4.3     0.0     0.8     2.0     6.0     2.3    -2.3    -4.5    -2.5    -5.3    -5.8     0.8    -2.5     2.3     0.5    -4.3    -5.3    -6.0    -4.0    -5.5    -6.0    -9.3    -5.3    -0.8     1.0    -4.3 -9999.9M
 1989 12    -1.0     5.3     5.0     0.3    -1.3    -0.5    -1.3     0.8    -2.5    -7.3    -8.5    -2.5     0.3    -2.0    -2.0    -1.8    -5.3   -11.3    -7.3   -17.5   -13.5    -6.8    -4.5    -2.0    -0.5    -1.0     0.5    -0.3    -0.5     0.3     0.8 
 1990  1    -3.0    -8.0    -3.3    -2.8     0.0    -0.5     3.3    -2.5     0.5    -6.0    -8.8    -5.3    -0.8    -0.5    -3.8    -4.0    -8.5   -12.3   -13.3    -8.5    -2.8    -0.5    -5.5    -4.0     0.5    -9.3    -5.3    -7.3   -11.8   -21.0   -28.8 
 1990  2   -18.5    -8.5    -0.8    -5.8     1.3    -3.5    -8.0   -11.8    -3.8    -0.5    -2.3   -11.5   -20.0   -18.3    -9.8   -23.3   -26.8   -14.3    -9.3     0.0    -2.3     0.0     0.0     0.3    -2.3    -4.0    -4.3    -3.5 -9999.9M-9999.9M-9999.9M
 1990  3    -2.3    -2.8    -2.5     0.5     3.3     6.0     2.0    -5.3    -4.8     1.0    -4.0    -5.5    -3.8     5.3     2.5     3.0     6.0     6.5     4.5     3.0     1.0    -6.3    -7.3    -5.3    -1.5     1.0     1.5     3.0     1.8     7.0     3.0 
 1990  4     6.8     4.5     2.5     3.3     4.8     4.8     4.0     2.3     0.0     1.5     5.3     5.8     6.0     9.0     7.3     7.8     8.0     9.3     6.3    10.5     8.3     8.0     9.3     7.3     1.8     5.0     3.5     3.5     4.5     6.5 -9999.9M
 1990  5     7.5     9.5    12.3    12.8    14.5     5.8     5.3     5.3     7.8     7.3     8.8     6.0     6.3     7.0     8.3     7.5     8.5    10.0     7.8     9.3     9.8    11.3    11.0    12.0     9.8    13.3    13.0    13.8    12.5    13.5    14.5 
 1990  6    12.0    12.8    11.0     8.3    11.3    10.0    11.8     9.5    12.0    11.3     8.3     9.3    12.3    15.3    16.8    14.0    11.5    14.8    13.8    14.0    16.8    18.8    17.8    14.8    15.8    14.5    13.5    15.0    14.0    12.8 -9999.9M
 1990  7    13.0    11.5    12.5    14.3    17.0    14.3    17.0    17.5    17.5    18.3    21.5    21.8    14.5    14.3    17.3    14.5    13.8    12.8    13.5    14.3    16.0    17.3    16.8    16.3    20.3    20.5    16.8    16.3    18.8    20.3    19.0 
 1990  8    17.0    14.5    16.3    18.3    21.3    18.0    15.8    16.0    18.3    19.8    21.3    22.5    21.0    18.5    17.0    17.3    18.0    16.8    17.3    18.3    17.0    15.7    10.5     9.5     4.8    12.0    12.0    13.5    12.5    12.5    13.0 
 1990  9    12.3    12.0     8.8    10.5    15.3    14.0    14.3    13.5    12.5    13.0    13.8    10.8    11.3    13.8    13.5    12.5    13.3    11.0     8.3     7.5    12.3    15.3    15.3    13.8    10.5     8.3     7.5     9.5     8.0     6.5 -9999.9M
 1990 10    10.5     6.0     2.3     6.8     1.8     1.5     2.3     6.8     6.5     3.3     1.0     5.5     3.0     0.3    -0.8     1.5    -0.8     4.0     1.0     1.8     4.5     2.8     2.0     9.5     7.3     4.5    11.0     3.3     1.0     5.3    -2.0 
 1990 11    -1.3    -2.3     1.3     1.3    -3.3    -4.3     0.3    -3.8    -2.5    -0.8     6.5     8.3     3.8    -2.8    -1.0     6.0    -0.5    -3.0    -0.5    -9.0    -5.0    -3.5    -4.5   -11.0   -15.0   -14.0    -7.0    -4.0    -4.0    -9.8 -9999.9M
 1990 12    -7.5    -6.3     0.3     1.8    -2.8    -1.0     0.5     1.3    -2.5    -5.5    -3.8    -8.5    -4.0    -1.0    -7.0   -11.3    -3.0   -21.3   -27.8   -32.0   -27.5   -19.0   -18.8   -10.3    -7.5    -5.0   -14.5   -31.5   -30.5   -17.3   -12.5 
 1991  1   -19.5   -24.8   -23.5   -23.3   -26.0   -34.0   -32.3   -33.0   -25.0   -15.3    -7.0     4.0     0.5    -1.8    -2.0    -2.5     0.8    -5.0    -9.5   -14.3   -12.3   -10.8   -11.8    -9.3   -13.3   -11.5   -13.0   -16.0   -13.8    -8.3     0.0 
 1991  2     5.8     9.0     3.0     7.8     3.0     3.8     5.3     3.5     5.0     3.0     1.5     2.5     2.3     2.5     3.0     3.0     0.0    -0.8     3.8     0.0    -3.0     0.0    -1.8     0.8     0.3     0.0    -0.3    -5.5 -9999.9M-9999.9M-9999.9M
 1991  3   -13.8   -13.8   -11.8   -13.3   -15.8    -5.5    -1.5    -5.8     2.3    -1.5    -3.3    -1.0    -2.0    -1.8    -0.5    -0.5    -0.3     1.3     1.0     1.8     4.0    -1.5    -3.8    -3.8    -3.8    -6.3    -1.0     1.5     2.3     5.3     6.3 
 1991  4     7.0     5.3     1.8     4.8     2.5     2.3     0.5     0.5     2.3     3.3     1.5     5.5     6.3     4.5     6.0     5.3     6.5     7.8     8.3    10.3     9.8     8.3     8.5     8.0     4.8     5.5     5.5     4.5     6.3     6.0 -9999.9M
 1991  5     6.0     7.8     8.3     6.0     5.3     6.0     6.5     8.3    10.0    10.5    11.5    10.8    11.8     8.3     8.3    10.8    14.8    15.5    15.0    12.8     9.3     8.5     6.5     7.3     9.0    10.8    10.8    12.0    13.0    12.5    12.8 
 1991  6    12.3     9.5     6.5     7.3    12.0    12.8    14.5    11.3    12.8    15.0     9.8     9.3     9.5     9.8    10.3    10.0    11.8    13.0    13.8    12.5    16.8    14.8    15.0    15.0    14.5    15.5    14.8    17.0    16.5    17.0 -9999.9M
 1991  7    16.0    18.3    16.5    14.3    11.3    12.5    14.5    16.3    16.0    15.8    17.3    17.0    12.8    13.0    13.3    14.8    14.0    14.0    14.0    13.0    15.0    15.3    18.3    20.3    16.3    16.5    15.8    15.3    12.5    12.5    15.8 
 1991  8    16.0    16.8    18.5    18.8    18.0    16.8    19.5    21.8    12.8    14.8    16.5    18.0    15.3    20.0    20.0    21.5    21.5    19.5    17.0    18.3    15.3    14.5    12.0    13.0    10.3    12.8    15.3    13.0    13.5    13.3    13.5 
 1991  9    11.3    10.5    11.8    13.3    14.3    14.5    11.5     9.3     9.5    13.3    13.0    13.0     9.3     9.3    11.5    12.0    10.5    15.5    12.0     7.0     5.3     2.8    10.0    13.0    13.3    13.0    14.3    10.3     6.0     6.3 -9999.9M
 1991 10     7.5     4.3     5.0     3.8     7.5     8.8     6.3     2.3     9.8    10.8    10.0     7.0     3.8    11.0     7.5    -0.3    -3.5    -1.0     4.3     4.8     3.0    -2.5    -4.8    -2.0    -2.8    -5.0   -11.0   -11.3   -11.5    -7.5    -4.5 
 1991 11    -8.5   -11.0    -1.8     1.5     1.5     1.8     2.8     2.5     2.5     3.0     4.5     0.5     0.0    -1.0     2.3     4.3     4.8     0.3     0.3     1.3    -1.3    -1.5     0.8     0.3     2.0    -2.0     0.0    -0.5    -4.8    -4.5 -9999.9M
 1991 12    -1.5    -2.5    -1.0    -1.5     2.0    -2.5    -2.8    -4.0    -1.8    -2.3    -3.5    -3.0   -12.0    -5.0    -6.8    -9.0    -6.0    -0.8    -5.3    -4.8    -4.3   -10.5    -3.8     2.5    -2.0     6.8     4.5    -1.0    -3.0    -2.0    -3.8 
 1992  1     4.5     0.0    -0.5     1.3    -2.0    -4.8    -6.0    -2.5     2.0     1.3    -1.0    -2.5    -2.0     0.3     0.3    -2.8    -2.8    -4.0    -1.3    -2.3    -0.5    -3.5    -1.8     1.5     1.5    -1.0     5.0     3.8     5.3     6.3     4.3 
 1992  2     5.0     2.3     8.3     5.5     1.0    -3.3    -4.8    -3.8    -1.3    -9.3    -6.5    -2.8     2.8     3.0    -0.8     0.8     0.5     3.3    -9.3    -6.3    -1.5     2.8    -2.3     3.5     1.5     4.5     4.0     3.5     7.0 -9999.9M-9999.9M
 1992  3     3.3     3.0     3.5     3.0     2.5     4.3     0.8     0.3     2.8     3.8     3.8     8.3     7.5     6.0     5.8     4.8     4.8     3.0     3.3     2.3     3.5     5.0     3.0     2.0     4.3     5.8     1.5    -1.3     1.8     7.0     8.0 
 1992  4    10.8    10.8     7.0     1.3     1.8     1.5     2.0     1.3     0.8    -3.0    -0.5     5.0     8.8     8.0     7.0    12.5     7.8     7.8     6.8    10.5     3.5     3.0     5.5     5.5    12.8    12.5    11.0     9.0     8.3     7.3 -9999.9M
 1992  5     5.5     8.8    11.5    14.3    13.3    11.3    13.0    10.3     4.5     3.5     6.0     7.0     7.8     8.0     9.8    10.3    11.0    11.8     7.3     5.8     5.0     6.0    11.0    13.0    16.5    13.8    12.3    11.8    12.5    11.3    17.8 
 1992  6    16.5     8.8     9.8    12.8    12.0    17.3    16.0    13.8    12.8    13.3    16.3    17.3    16.8    16.5    15.8    17.3    14.8    14.3    16.0    17.0    17.5    18.5    20.0    17.0    20.0    20.8    21.0    19.3    18.3    17.5 -9999.9M
 1992  7    17.0    14.8    13.5    16.8    14.8    16.0    14.3    14.0    14.0    15.3    14.8    17.3    15.5    12.5    13.0    15.3    18.3    17.0    17.0    17.5    17.5    18.0    18.0    16.5    18.0    16.0    16.5    17.0    16.0    18.0    19.5 
 1992  8    22.3    20.5    19.5    17.0    19.3    15.5    11.5    11.0    12.8    13.5    17.3    20.0    19.3    18.5    16.3    15.3    17.5    18.5    15.0    11.3     9.8     7.3     7.8    10.3    13.0    18.8    10.3    10.5     9.5    14.5    13.5 
 1992  9    16.3     9.5     9.5     8.0     4.5     5.3     3.5     7.3     8.3    11.3     7.8     4.3     3.3     1.8     1.5     3.8     4.8     6.8     9.3    13.8     9.8    12.3    13.0    10.5     5.5     7.5     6.3    14.8    20.8    21.0 -9999.9M
 1992 10    14.3    12.8    14.5     4.5     3.3     1.5     2.5     6.3     4.0    10.5     4.0     3.0    -2.3    -1.8    -4.5    -2.5     3.0     7.5     7.3    13.5    11.3     8.8    13.5     8.5     4.5     4.5     2.5     4.0     6.8     8.5     6.8 
 1992 11     4.0    -1.0     2.8     2.0     2.0     2.5     3.3     0.3    -2.0    -2.5    -4.3    -6.3     0.0    -0.5     1.0     1.0     1.0     2.5     1.0     0.0    -0.8    -5.0    -6.3   -10.8   -10.0    -3.5     1.5    -2.3    -4.3     0.3 -9999.9M
 1992 12    -1.8    -8.8   -10.5   -12.0   -11.5    -6.0    -3.3    -1.3    -4.0   -13.0   -11.0    -8.8    -2.3    -2.3    -6.8    -8.0   -18.8   -22.0   -12.0    -9.3    -7.8    -6.3    -6.5    -5.0    -6.5    -4.5   -23.3   -25.5   -23.8   -23.3   -25.5 
 1993  1   -23.5   -17.3   -11.0   -16.0   -23.5   -26.8   -24.8   -19.3   -24.0   -23.8   -24.3   -28.8   -21.5   -22.8   -22.8   -20.5   -19.0   -14.5   -10.3    -3.3   -10.0   -11.0   -12.3    -4.0    -3.5    -2.5     0.3    -3.3    -2.0    -1.0    -0.5 
 1993  2    -3.3    -4.8    -6.8    -1.3     5.0     1.8    -1.0    -1.5    -4.0    -1.8    -4.8    -1.8    -6.0    -8.5   -15.5   -18.0   -15.8   -12.5   -13.8   -10.5   -13.0   -20.0   -19.8   -17.8   -14.0   -13.0    -0.3     1.8 -9999.9M-9999.9M-9999.9M
 1993  3     5.5     1.5     3.0     5.8     4.3     3.5     3.0     1.0    -3.0    -4.8    -5.0    -2.5    -1.5    -0.5    -8.8   -11.5    -7.5     0.0    -4.0     4.5     2.5     9.0     6.3     1.0    -1.3    -1.0    -0.5    -0.3     1.0     1.5     3.3 
 1993  4     7.0     5.0     4.3     3.8     1.8     1.5     5.3     7.5     5.3     4.8     2.3     4.0     2.3     5.3     2.0     6.0     6.8     5.3     7.5     6.3     9.0     6.0     6.5     6.3     6.5     4.5     5.0     4.0     6.8     9.0 -9999.9M
 1993  5     5.8     6.3     6.8     9.8    11.8     9.0     6.8     6.5     8.3    15.3    18.8    18.3    17.8    19.3    17.8    16.8    14.5    16.0    19.0    16.8    12.5    11.5    10.5    13.3    16.0    14.5    14.3    14.0    11.5    12.3    12.0 
 1993  6    14.3    12.5    14.0    13.5    15.0    16.0    12.8    12.8     9.8    10.0     9.3    12.3    14.5    15.0    15.3    15.3    14.3    16.5    13.0    13.3    13.3    10.5     9.0    13.8    16.0    16.0    10.3    10.0    11.8    13.0 -9999.9M
 1993  7    12.8    15.3    14.8    14.5    13.5    13.5    12.5    14.5    13.8    14.3    13.0    12.5    14.0    13.0    13.5    12.3    12.8    14.3    14.0    15.3    15.0    14.8    15.3    14.0    13.3    14.8    18.3    15.3    15.3    12.5    12.8 
 1993  8    14.0    15.5    17.5    19.8    19.5    17.0    14.3    16.0    13.5    12.8    10.0    13.0    15.0    15.0    15.5    15.8    17.0    18.5    18.0    18.3    17.8    14.8    12.5     7.8    11.8    14.0    12.0    12.8    10.8    10.8    11.8 
 1993  9    15.3    15.5    15.0    13.8    13.5    13.0    15.0    13.8    13.0    15.5     9.8     7.3     8.8    12.0    10.0     7.0     8.5     8.0     5.3     5.5     4.5     6.8     8.3    11.5     9.0    11.5    10.5     8.5     7.3     7.3 -9999.9M
 1993 10     8.8    10.3    11.5    11.5    10.0     5.0     5.3     3.5     1.5     4.5     4.5     4.0     3.0     3.0     5.3     2.3     2.5     3.5     1.0     2.0     5.5    10.8     6.0     6.0     3.0     4.0     4.5     5.3     4.0     5.3     3.3 
 1993 11    -1.5     4.0     4.0    -2.5    -4.0     1.0     1.8     1.5    -1.5    -2.3    -2.5     0.5     0.5    -1.0     0.3    -2.0    -4.8    -1.8    -0.5     2.8   -10.0   -18.5   -18.8   -15.3   -11.8    -7.5     0.0     0.8     3.8    -1.0 -9999.9M
 1993 12     0.0     0.3     1.8    -1.0    -7.8    -9.8    -7.3    -4.3     1.5     3.0    -0.8    -2.5     2.3     1.0    -0.3    -5.5    -4.5    -2.8    -2.3    -3.8    -9.0    -3.8    -6.8    -6.0    -4.5    -6.0    -6.8   -10.5    -5.5    -3.5    -0.5 
 1994  1    -0.3    -1.3    -1.0    -2.3   -14.3   -15.5    -6.0    -5.0    -2.3    -3.0    -1.0    -0.5    -0.3     0.8    -1.3    -5.0   -11.3    -7.0    -7.8   -10.5    -3.3    -1.5     3.0     2.8     0.3    -2.0    -3.0    -4.5    -4.8    -4.8    -7.0 
 1994  2    -6.0    -7.3    -8.3    -8.0   -12.3   -15.0   -22.0   -19.0    -9.0    -7.8    -5.0    -2.3     1.3    -1.0     3.0    -4.0    -9.8   -13.8   -15.0   -14.3   -16.5   -19.5   -18.8   -23.3   -13.5    -9.0     0.5     5.3 -9999.9M-9999.9M-9999.9M
 1994  3     6.3     7.8     3.3     4.8    -4.0    -4.8    -4.3    -1.5    -0.8     1.0     2.5     5.3     2.8     2.3     2.5     3.5     2.3     0.3    -0.3     0.0     4.5    -0.3     0.8    -0.5     1.8     4.0     6.3     5.5     6.8     6.5     8.0 
 1994  4     6.3     2.5     5.8     3.0     3.0     1.5     3.8     4.3     7.8     5.8    10.5     6.5     3.5     0.5     5.8    12.3    11.0     7.0    11.0    10.5     8.3     8.0     7.3     7.8     7.8     7.8     6.8     7.5    11.0     9.0 -9999.9M
 1994  5     7.3     7.8     6.8     7.3    10.0    12.5    14.0    12.0    13.0    13.3    15.0    10.8     8.5     7.8     9.8     9.5     9.5     9.0     9.5     9.0    11.0    11.5    13.0    14.5    16.5     9.5     8.5     6.5    11.5     9.0    12.8 
 1994  6    11.8    10.8    14.8    11.8    12.5    11.5    11.5    13.0    12.3    15.5    16.3    14.0    11.5     8.5    10.3    11.5    10.8    12.0    13.0    11.8    14.3    16.5    17.0    16.5    16.0    17.0E   13.5    14.0    14.0    13.0 -9999.9M
 1994  7    11.0    11.0     9.8    10.3    12.5    16.0    17.0    14.0    13.0    13.5    13.5    14.0    16.3    16.3    17.3    18.5    14.0    15.3    17.8    19.8    20.0    17.8    19.0    22.3    22.0    19.3    19.5    20.3    18.8    17.0    15.8 
 1994  8    18.0    19.8    17.3    20.0    16.8    13.3    15.3    12.8    11.8    14.8    16.5    16.0E   19.3    18.5    16.5    14.5    16.0    17.0    17.0    17.8    13.3    14.8    12.5    10.8    10.5    11.8    12.8    13.8    16.0    16.3    16.5 
 1994  9    15.8    12.0    11.5    11.3    13.5    14.0    13.8     9.5    10.3     8.5    10.5     6.5    12.5    13.5    14.8    15.0    15.8    11.5    13.0    11.3     9.8    14.0    14.5    15.5    13.8     8.3    13.3     9.3     8.0    11.8 -9999.9M
 1994 10     9.3     4.0     3.5     8.0     8.5     1.5     5.0     6.0     8.8     3.0     3.0     4.8     5.8     4.5     4.3     4.5     6.3     2.0     5.0     6.0     4.3     1.8     4.0     7.0    13.5     5.8     2.5     2.3     1.0     3.0     1.0 
 1994 11    -2.0    -3.3    -3.0     1.0    -3.0    -0.5    -2.0     0.0     3.0     3.0     1.8    -2.0    -1.3     2.0    -0.5    -4.0    -8.5    -9.0    -2.3    -7.0   -11.8    -2.3    -1.8    -3.8     2.0    -7.5    -9.5    -5.0     1.8     4.3 -9999.9M
 1994 12    -3.8   -17.5   -23.0   -22.8   -17.0   -10.0   -12.0    -4.3    -5.5    -4.0    -5.0    -5.5    -7.5   -10.0    -6.5    -2.0     1.0     6.0     6.8     0.3     0.5     6.3     3.5     6.5     0.0    -0.5    -3.5    -4.8   -12.3   -10.0   -16.5 
 1995  1   -17.5   -15.0   -15.5   -16.3   -20.0   -19.0   -17.0   -12.0    -5.8    -0.8    -4.5    -4.8    -2.0    -2.3     0.0    -2.5    -2.3     1.3    -1.0    -6.5    -6.8   -13.3   -12.0   -12.8    -9.8    -5.3    -1.5    -4.0     5.5     1.5     2.3 
 1995  2     4.0     1.0     5.5    -1.0    -1.3     1.5E   -2.1    -0.8E   -0.8    -3.0    -5.5   -13.0   -15.0   -13.0    -7.0   -12.5    -8.3    -1.3     3.8     6.8     2.0    -0.8     0.0     5.3    -2.5    -5.5    -9.5    -9.8 -9999.9M-9999.9M-9999.9M
 1995  3   -10.0    -6.5    -4.0   -13.5   -17.5   -14.8   -11.3    -2.0     1.0     7.5     5.5     3.5     1.0     7.8     7.3     4.5     3.3     6.3     2.5     3.5     5.3     1.8     3.0     0.5    -1.8     2.8     3.5     4.3     4.3     8.5     6.0 
 1995  4     6.0     2.3     6.3     4.8     2.0     2.3     6.3     2.8     4.5     2.5     2.5     2.3     5.0     3.8     3.5     3.0     4.0     4.3     5.5     4.8     5.3     6.5     7.8     9.5     5.3     6.3     8.8     6.8     4.5     5.8 -9999.9M
 1995  5     8.5     8.0     7.0     8.3     8.8     8.3     8.5     9.5    12.8    11.0    11.0     9.8    13.3    10.0    13.0    12.5     8.8     5.5     6.8     9.3     7.8     9.5    11.0    11.5    10.5    10.7 -9999.9M   16.0E-9999.9M-9999.9M   14.0E
 1995  6    15.5E   14.0E   16.0E   15.0E   10.1E-9999.9M   12.5    15.0    17.5    15.5    14.3    10.8    12.0    10.5    12.3    13.0    14.3    14.0    11.8    16.5    15.5    16.5    15.5    16.0    12.8    12.0    13.5    17.5    18.0    20.5 -9999.9M
 1995  7    21.0    15.5    15.3    14.3    13.8    15.5    15.3    16.8    17.3    16.0    12.0    15.3    15.8    16.0    14.8    14.8    16.0    17.3    17.5    18.0    17.3    19.5    16.5    14.5    16.8    13.8    12.3    13.3    12.5    11.0    15.5 
 1995  8    15.0    13.0    19.0    17.3    13.3    12.8    11.3    13.0    13.8    14.8    15.3    12.0    12.8    14.0    10.0    10.8    11.0    11.8    12.8    13.3    14.5    13.0    11.0    10.5    11.3    13.0    12.0    12.8    12.0    13.0    11.8 
 1995  9    13.0    14.5    15.5    16.0    12.0    14.8    16.0    15.5    15.5    15.5    14.5    13.5    13.0    12.0    13.0     9.5    10.5     8.5     8.3     7.0     8.0     9.3    12.8    12.8    11.8    10.8    10.8    11.3     8.3     8.0 -9999.9M
 1995 10     3.8     6.8     6.0     4.5     4.8     7.0     6.0     8.0     7.8     9.0     5.8     3.8     5.5     6.0     7.5     5.5     6.8     4.8     3.5     8.8     6.0     3.8     5.3     4.3     4.0     3.0     2.3     1.3    -2.5    -2.3    -2.3 
 1995 11    -5.5    -5.3    -3.0     2.0     0.5    -1.3    -3.8    -1.3   -12.5   -11.0    -2.3    -3.0     1.0     3.5     4.8     3.3     6.8     5.3     0.0    -3.5    -2.5     1.8     2.8     3.5     1.5     0.8    -0.5     0.5     3.0    -0.3 -9999.9M
 1995 12    -0.5    -4.0     0.3    -9.5   -12.5    -7.8   -25.3   -29.0   -23.5   -15.0   -13.0   -11.5    -7.5    -5.0     1.5    -0.5    -1.5     1.5    -3.5    -2.3    -2.5    -2.3    -9.0   -10.5   -11.3   -14.5    -8.0    -4.0     0.0    -2.8    -4.0 
 1996  1    -2.3     0.3   -10.0   -16.3   -14.8    -8.5    -0.8    -0.5    -0.3     0.3     4.8    -1.0    -6.5   -15.3   -16.5   -15.0   -23.3   -27.5   -23.5   -27.5   -23.8   -26.3   -17.5   -19.3   -14.0   -14.5   -20.3   -27.3   -32.8   -30.0   -27.0 
 1996  2   -24.8   -25.0   -17.3    -8.0    -1.3     2.3     1.5     1.0    -4.3    -6.5    -5.3    -2.0     2.0     2.5    -0.3    -0.8     0.3     4.0     3.3     5.3     2.3    -1.3    -2.5    -9.3   -13.3   -14.3   -13.8   -13.0    -9.5 -9999.9M-9999.9M
 1996  3    -6.0    -5.3    -8.0    -9.5   -13.5    -7.8    -8.5    -1.3     5.0     5.0     5.5     3.3     0.0     6.3     4.0     0.3     2.4     1.0     7.5     3.5     2.5    -4.3    -7.0    -9.3    -5.0    -3.3    -4.5    -4.0    -3.0    -4.5    -0.3 
 1996  4     3.5     0.3    -2.3     1.8    10.8     8.3     7.8     9.8     7.0     6.8     3.0     3.5     5.5     6.3    13.0    10.0     8.0     5.8     4.3     4.8     5.3 -9999.9M-9999.9M-9999.9M-9999.9M-9999.9M-9999.9M-9999.9M-9999.9M-9999.9M-9999.9M
 1996  5 -9999.9M-9999.9M-9999.9M-9999.9M-9999.9M-9999.9M-9999.9M-9999.9M-9999.9M-9999.9M-9999.9M-9999.9M-9999.9M-9999.9M-9999.9M   11.3     6.0    10.0     7.5     9.0     8.8    11.3    11.5    12.5    13.3     9.0     6.8     6.3     7.5    10.5    13.5 
 1996  6    12.8    13.8    16.3    13.5    11.8    15.5    14.5    12.3    10.5     9.3    11.0    10.5    12.5    11.8    12.8     8.8    10.5     8.5    12.0    11.3    11.8    12.3    13.8    13.8    11.5    14.8    12.3    12.0    12.3    13.5 -9999.9M
 1996  7    14.3    13.3    17.0    11.8    11.8    12.8    15.0    19.5    14.3    13.3    13.5    15.0    16.3    17.3    16.5    14.5    12.0    12.8    11.3    10.5    15.0    15.0    16.0    17.0    16.5    17.3    18.5    20.5    22.3    19.5    12.8 
 1996  8    13.3    12.5    13.3    12.0    11.5    16.0    14.0    17.0    16.5    16.5    17.8    15.0    15.8    16.8    14.0    12.8     9.8    13.3    12.5    11.8    11.5    17.3    16.8    17.3    18.0    17.8    17.0    18.5    19.8    16.8    13.0 
 1996  9    11.5    11.0     9.5    11.8     6.0     8.5    11.0    11.5    13.0    13.8    15.5    15.8    14.8    14.5     7.5     9.5     8.5     5.8     8.5     6.3     4.3     4.8     4.0     4.5     4.3    11.5    13.0    14.0     8.0     4.8 -9999.9M
 1996 10     2.8     7.5    10.5    10.3     7.5     6.8     7.0    10.3    10.3    12.5     6.0     5.8    10.0     5.3     2.8     0.0     0.0     5.0     2.0    -2.3     3.3     2.5     2.3     4.0     0.0    -2.5     1.0     1.3    -7.5    -6.3    -2.8 
 1996 11     0.0     0.3     0.3    -0.5    -3.3     0.0    -4.3     0.3     1.0     2.0     0.5     1.5     0.8     0.3    -9.8   -11.5   -12.5   -18.5   -17.3   -20.0   -22.3   -20.0   -21.0   -12.3    -9.3    -5.5     0.0    -3.3    -2.8    -1.8 -9999.9M
 1996 12    -0.5    -9.8    -3.3    -4.3    -2.0    -6.5    -5.5    -6.8    -5.8     1.5    -1.3    -3.3   -10.3    -6.5    -3.3   -12.5   -14.0    -7.3    -8.3    -5.5   -19.3   -23.3   -23.0   -21.3   -25.0   -30.3   -31.3   -34.3   -32.5   -23.8    -8.0 
 1997  1    -3.0     2.0    -1.3    -8.5   -11.3    -7.0    -7.3    -1.8     0.8     1.3    -3.5    -4.8    -7.5    -6.0    -7.5    -6.0    -1.3    -3.5    -0.5     1.5     0.5    -0.8   -15.5   -25.0   -28.3   -28.5   -13.3    -5.3    -2.5     6.3     0.5 
 1997  2    -5.5    -3.5    -7.3   -10.3    -8.8    -8.3    -6.5    -5.5    -8.3    -5.5    -8.0    -1.8    -3.0    -0.5     3.8     7.3     4.0    -0.3     2.0     0.3     0.5     0.5     2.0    -0.5     1.0    -1.5    -5.0    -5.5 -9999.9M-9999.9M-9999.9M
 1997  3    -0.5    -4.5    -8.5   -11.0    -7.5    -0.8     0.3    -2.5     4.0    -1.3    -2.8    -9.8   -10.0   -13.5   -11.8    -4.8    -2.3     9.8     9.3     1.3    -3.5    -0.8     2.5     0.8     4.5     4.0     1.3     2.5     5.3     8.0     2.8 
 1997  4     0.5     2.8    -0.3    -0.8    -0.5     0.8     1.3     0.8     0.3     1.0     1.8     4.0     4.0     4.3     5.8    12.5     5.3     3.3     5.3     5.3     4.8     5.3     6.5     7.3     6.5    13.3     6.0     5.0     5.8     6.0 -9999.9M
 1997  5     6.0     7.0     7.3     5.3    11.5     7.0     7.0     9.0    10.5     7.5    10.8    12.5    14.5    15.8    15.3    13.8     7.0     8.0     7.5     7.5     9.3     7.8    10.0    12.8    11.8    12.3    14.8    15.0    14.0    14.5    15.0 
 1997  6    11.0    12.8 -9999.9M   10.5    11.8    10.8    11.0    12.0    13.0    15.5    14.8    16.0    15.3    15.0    15.5    12.3    15.8    11.8    10.0    10.8    12.5    10.0    11.3    13.8    13.3    13.8    11.0    12.0    12.0    12.8 -9999.9M
 1997  7 -9999.9M-9999.9M-9999.9M-9999.9M-9999.9M-9999.9M-9999.9M-9999.9M-9999.9M-9999.9M-9999.9M-9999.9M-9999.9M-9999.9M-9999.9M-9999.9M-9999.9M-9999.9M-9999.9M-9999.9M-9999.9M-9999.9M-9999.9M-9999.9M-9999.9M-9999.9M-9999.9M-9999.9M-9999.9M-9999.9M-9999.9M
 1997  8    14.0    15.3    18.0    20.8    20.5    20.0    16.5    12.5    11.8    15.5    18.3    19.0    17.5    16.3    17.8    14.5    13.0    15.5    16.3    17.0    19.0    17.0    14.8    13.5    14.8    14.8    15.3    12.3    11.8    12.8    15.3 
 1997  9    15.5    15.8    14.0    14.8    12.8    11.8    12.3    12.0    14.0    15.5    13.8    10.0     9.3    11.3    10.8    10.5     8.0     6.3     7.8    11.8    13.3    14.5    13.5    14.5    16.0    14.5    10.0    13.5     5.3    14.0 -9999.9M
 1997 10     9.5    10.8     2.5     7.8     4.0     4.3     2.8     2.5     7.5     7.8     2.3     0.0     3.0     6.5     9.0    11.0     7.0     0.5     0.8     2.3     2.5     5.5     4.0    -0.5     3.8     5.8     2.5     2.0     6.3     7.8     5.5 
 1997 11     4.3     4.0     5.5     6.8     7.0     3.8    -0.5    -0.5     1.8    -1.0    -2.8    -7.0    -5.3    -4.5    -6.0    -5.8    -4.8    -1.8    -3.0    -1.5    -1.5     0.3     2.5     3.5    -2.8    -2.0     3.5     3.0     1.5     1.3 -9999.9M
 1997 12    -1.0    -3.8    -5.0    -5.8    -8.5    -7.8    -9.5    -5.0    -4.0    -2.8     3.5     6.3     7.0     6.3    -0.8     3.8     1.8    -5.8    -3.3     1.8    -6.8    -6.5    -3.8    -7.0    -4.8    -3.3    -4.8    -1.5    -0.3    -0.5    -4.5 
 1998  1   -14.0   -23.5   -22.3   -17.5   -10.0    -9.0   -10.0   -14.3   -19.8   -24.3   -25.3   -25.0   -11.3    -4.5     0.3    -3.8    -2.0    -1.3     1.8     0.5    -2.5    -1.0     1.5     3.3     0.0     2.0    -0.3    -0.3     6.5     2.5     0.0 
 1998  2    -0.3     2.3    -1.5    -0.3     3.3     2.5     6.8     3.3     3.3    -0.3     1.0     4.0     5.3     3.0     2.3     1.3     0.3     5.0     7.8     6.0     4.5     3.8     0.0    -2.5    -2.5    -3.0    -6.3    -5.0 -9999.9M-9999.9M-9999.9M
 1998  3     3.5     0.5    -1.3    -3.3    -2.0    -2.0    -4.3    -3.5    -5.3    -2.3     5.3     5.0     5.8     5.0     5.0     3.8     1.5     3.0     2.8     4.0     7.3     5.5     4.5     5.5     3.8     1.5     2.8     0.0     0.8     4.8     4.0 
 1998  4     3.3     4.5     3.0     4.8     4.8     8.3     3.8     2.3     0.3     2.3     3.5     4.3     3.3     3.3     3.0     5.5     5.5     5.0     4.8     5.8     8.8     8.0     7.8     5.5     5.8     9.5     9.8    11.0    10.0    12.5 -9999.9M
 1998  5    13.5    15.0    11.5    11.8    12.5    13.3    12.5    10.3    13.0    10.0    11.8    13.3    12.5    10.0     8.0     9.0    10.5    11.0    13.3    14.0    13.3    13.5    13.8    13.8    14.0    17.8    17.3    15.8    15.8    16.0    16.5 
 1998  6    13.0    11.5    11.5    12.0    12.5    15.0    14.5    16.3    20.0    16.5    16.3    11.8    15.0    12.3     9.3    11.5    10.0    13.5    15.3    16.0    17.5    16.0    17.0    13.0    13.0    13.5    14.8    13.8    16.0    17.3 -9999.9M
 1998  7    16.8    17.5    19.0    17.8    20.0    18.5    18.0    18.8    17.5    19.0    18.0    14.5    12.5    13.0    17.3    17.5    20.3    18.3    16.3    16.5    15.5    17.5    20.8    20.0    20.0    20.0    21.5    21.3    22.0    21.3    20.5 
 1998  8    19.8    17.5    20.5    20.3    18.5    14.8    14.5    17.3    17.5    18.0E   18.3    21.0    20.0    19.0    16.5    11.8     8.5    12.3    15.3    15.8    16.3    15.0    13.5    14.5    13.3    13.8    16.5    15.0    16.8    15.8    15.8 
 1998  9    17.3    17.5    14.5    11.5    14.0    18.8    18.3    12.5    11.0    11.8    16.8    14.5    14.3    12.8    10.3    10.0    10.8    11.8    10.0    10.3    10.5    10.0     9.8    13.3    11.5     8.5    11.0     8.5     7.5    11.8 -9999.9M
 1998 10    11.5     7.5     7.3     5.3     7.8    10.5    14.8    11.3     7.0     5.0     6.0     8.0    11.5     4.3     0.5     3.8     4.3     0.5     4.5     6.0     7.0     7.3     5.5     6.5     5.5     9.5     7.8     2.8    -1.0     4.0     8.0 
 1998 11     2.8     0.5     1.0     1.5     4.0     5.0     3.3     0.8     0.0     0.8    -1.3     0.5     1.3    -1.5     2.5     1.8     1.5     0.0    -1.3     3.5     2.3    -0.3     1.0     2.8     4.5     2.8     2.3    -3.0     0.0    -3.0 -9999.9M
 1998 12    -0.8     0.0    -3.0    -3.3    -4.3    -2.8    -2.8    -2.5    -3.3     2.0     1.5     4.3     1.0    -5.3    -2.5     0.8    -3.3   -12.3   -17.5   -21.0   -15.5   -15.8   -12.0    -7.3   -10.3    -6.0    -3.8    -9.3    -7.8    -1.3     0.3 
 1999  1   -11.3    -9.0    -4.0    -1.3     1.0    -8.8    -6.3    -3.3    -4.5    -3.8    -0.5     0.0    -2.0     2.8    -3.0    -5.8    -7.5    -1.5     0.8    -5.5    -9.0    -9.0   -17.0   -18.8    -7.3   -10.0    -8.0    -4.3     2.3    -8.5    -3.5 
 1999  2    -4.8     0.3    -4.8    -1.0     0.3     1.8    -1.5    -3.0    -8.3   -11.8    -8.0     2.5     5.0    -3.8    -5.5     4.3     1.5    -2.3     1.5    -3.3     3.5     3.0    -0.8     4.3     1.0     1.0     0.5     1.3 -9999.9M-9999.9M-9999.9M
 1999  3    -1.8     0.0     1.0     1.0     0.0    -2.8    -4.5     1.5    -0.3     1.3     0.8     4.8     7.3     2.0    -2.3     0.0    -1.5     1.5     0.3     5.0     7.8     6.0     7.5     9.8     2.8     2.8    -1.3     0.0     3.0     3.8    -0.8 
 1999  4     1.3     1.3     0.3     1.5     2.3     0.8     5.0     3.8    -2.3     0.8     2.8     8.3     0.0     1.8     5.0     8.0    10.8     9.5     7.3     6.3     6.3     6.3     9.3    11.8     9.5     4.3     3.8     5.8     5.8     7.8 -9999.9M
 1999  5     7.3     6.3     4.0     4.0     4.8    12.0     3.0     2.3     5.0     4.5     6.3     7.5     7.5     6.5     7.3     5.8     7.3     7.5     8.5     8.8    10.3    10.5    14.0    17.0    12.0     6.8    12.8     6.8     7.8     5.8    11.3 
 1999  6     8.0    11.5    11.3    11.3    10.3     6.0     7.0     7.3     7.3    10.0    11.0    13.8    15.5    16.8    19.0    18.5    17.3    15.8    13.5    10.8    13.3     9.8    12.0    12.5    11.0    12.8    11.3    10.8    11.3    13.0 -9999.9M
 1999  7    12.8    10.8    13.3    14.0    13.0    14.3    12.8    15.3    16.3    18.5    18.3    16.3    13.5    12.3    11.3    12.0    13.8    15.0    17.8    17.8    17.3    17.3    14.8    13.3    13.0    17.0    18.5    17.5    14.3    12.8    13.0 
 1999  8    13.0    18.3    20.0    18.5    20.0    19.8    21.5    19.3    18.3    16.8    15.5    15.5    15.3    16.3    14.5    15.8    16.8    17.8    17.8    17.8    14.5    13.5    19.3    17.3    15.3    14.3    16.8    15.5    12.0     7.0    10.0 
 1999  9     8.3    10.5    10.3    10.0    13.0     9.5     9.3    13.0     9.3     9.3     8.0     9.8    11.3    10.8    13.3    13.5    11.0    12.0    14.5    14.5    13.0    13.3    10.5     5.3     5.5     4.5     3.5     2.5     7.3     4.8 -9999.9M
 1999 10     2.3     2.5     6.3     6.8     5.0     9.5    12.0     7.3     3.5     2.8     3.5     2.5     6.5     3.8     1.5     2.8     6.3     4.8     5.0     3.3     9.0     8.8     9.3     4.5     6.0     1.0     0.0     5.5     2.3     5.5     1.8 
 1999 11    -1.3    -0.8    -0.8    -1.5    -2.5     3.3     8.3     5.3     8.5     8.3     6.5     1.0     0.8     5.8     8.5     9.0     2.5     2.5     5.3     2.5    -2.0    -4.3    -1.3     1.3    -4.5    -4.3    -5.8     0.5     7.3     0.8 -9999.9M
 1999 12    -1.5    -0.3    -3.3     0.5     0.5     1.0    -7.5    -5.3     0.0    -3.5     0.3     0.8    -6.3    -8.8    -1.8    -4.0    -3.8    -3.5    -8.5    -4.0    -3.8    -3.5    -3.8    -6.3    -5.5    -5.5    -8.5    -7.5    -8.3    -7.0    -3.5 
 2000  1    -4.0    -6.8    -4.5     0.5    -5.5    -2.3    -3.0     0.3    -3.8    -8.8   -14.8   -14.8   -15.0   -17.3   -16.0   -16.0   -13.8   -11.0   -18.3   -16.3   -12.0    -8.5    -7.0    -7.8   -11.8    -6.5    -4.5    -9.3    -8.3    -9.5    -2.8 
 2000  2     3.5     1.8    -2.5    -9.5   -11.5    -6.5    -0.8    -0.3    -1.3    -7.3    -8.0    -9.5   -14.8   -12.0   -12.3    -9.3    -9.3    -9.8    -4.3    -0.8     2.0     4.0     2.3    -2.5    -4.8     0.0    -2.5     0.0    -1.5 -9999.9M-9999.9M
 2000  3     2.0     5.0     2.3     1.5    -3.5    -5.5    -5.5    -1.3     1.3     2.5     3.8     1.3     2.3     1.3     0.5     2.3     0.5     1.5     0.8     1.0     5.0     3.0     2.8     1.5     2.8     3.3     6.3     2.8    -0.3     1.3     1.0 
 2000  4     3.5     6.0     8.5     3.8     2.8     1.5     1.0     6.3     3.3     4.0     5.3     7.0     0.5    -4.3     0.8     4.5     3.3     7.8     9.8     9.0    10.3     8.0     5.0     4.5     2.8     6.5    14.5     9.3     6.0     8.3 -9999.9M
 2000  5    10.3     8.5     8.8     5.3     4.3     5.5     4.0     5.8     6.3     6.0     7.8     9.3     8.0     8.5    11.0    11.5    12.5    11.5    14.0     8.8    12.5     8.3     6.3     5.8     6.0     6.5     7.8     8.3    10.0     8.5    11.0 
 2000  6    10.5    11.0    12.8    15.3    15.0    13.5    13.8    13.5    10.5     9.5    10.3    10.3    11.5    11.0     9.3    10.5    12.5    11.5    12.0    11.3    10.8    11.8    12.5    14.0    13.8    15.3    17.0    19.8    17.0    14.0 -9999.9M
 2000  7    12.0     8.5    10.5    12.3    12.3    14.5    15.5    16.3    14.8    15.8    17.0    17.0    17.0    11.5    13.8    14.3    17.3    19.3    20.3    20.5    19.3    17.8    18.5    17.0    15.8    15.8    17.8    17.3    15.3    16.8    20.3 
 2000  8    13.0    14.5    15.5    18.0    19.3    18.0    18.0    16.5    15.5    14.3    13.3    13.3    12.3    11.8    13.3    15.3    14.3    13.0    12.8    11.5    14.8    14.3    17.0    18.0    17.5    10.8     8.0     6.5    12.8    10.0    10.3 
 2000  9     8.5     6.8     8.5     8.8    11.5    12.0     8.5     7.8     7.8     6.3     5.5    11.3    10.5    10.8    15.0    15.0    14.8    13.0     9.5     9.3     4.5     2.8     6.3     8.8    10.0    10.5    11.0     9.5    11.8     9.3 -9999.9M
 2000 10     3.0     3.3     2.8     1.3    -0.3     4.8     9.3    17.3     9.0     6.8     4.5     4.3     6.8     8.0     3.8     5.8     6.5     6.5     4.3     8.0     2.3     3.0     6.8     7.0     6.0     6.8     7.3     9.3     2.5     3.8     2.0 
 2000 11     0.8     1.0     6.3     2.8     1.0     1.3     2.5     0.5    -5.5    -5.5    -6.3    -3.0    -3.5    -2.5    -3.5    -4.3    -3.5    -2.0     0.0    -2.4    -0.5     0.3    -0.5     0.5     0.3    -1.8    -1.8    -4.0    -3.3    -1.8 -9999.9M
 2000 12     4.5     0.8    -2.3    -4.3     0.8    -0.3    -4.3    -5.3   -13.0   -16.8   -20.5   -17.3   -17.3   -17.8   -16.0   -13.5    -6.0    -6.5    -8.5   -16.8   -17.0    -9.3    -7.5    -2.5     1.8     1.5    -0.8    -6.3    -3.0    -5.3    -4.0 
 2001  1    -2.0     1.0     2.0    -3.0     1.0    -7.0    -4.8     1.3     1.0     2.5    -3.0    -2.8    -2.0    -4.0    -6.3    -5.3    -3.8    -2.3    -2.8    -5.5    -0.5    -6.5    -8.4    -8.5    -9.3    -4.0    -8.8    -2.5    -0.5    -4.5    -2.0 
 2001  2     0.5     2.8     0.3    -3.0    -7.3   -12.8   -15.5    -8.8    -7.0    -3.8    -6.5    -9.3    -8.0    -3.0   -14.0   -17.3   -12.5    -7.5    -2.0    -7.8    -9.3    -7.8    -3.0   -13.8   -13.0    -7.0    -4.0    -0.3 -9999.9M-9999.9M-9999.9M
 2001  3    -4.0     0.0     0.5    -2.8     2.5     1.5     3.8     0.5    -1.5    -0.3     2.0     1.3     2.0     2.0    -3.3     2.3     2.0     4.3     0.5     1.5    -2.0    -3.5    -2.3     3.0     8.3     3.3    -2.5     0.3    -0.3    -0.8     1.5 
 2001  4    -0.8    -1.5     3.5     2.5     2.5     1.5     3.0     1.3     0.0     1.0     0.0     1.5     3.0     1.3     3.5     6.3    10.0     6.5     4.3     3.8     3.8     4.8     8.8    12.3     9.0    12.3    13.0     5.8     5.5     5.0 -9999.9M
 2001  5     3.0     6.0     5.8     6.5     6.5     4.0     9.5     8.5     3.0     7.3     9.5    14.0    11.5     9.0     8.0     7.3     7.5     7.0     7.0     6.0    11.3    15.3    14.0    15.3    13.0    14.8    16.3    13.8     7.5     9.5    15.8 
 2001  6    12.3     6.3     9.0     9.5    11.3    10.8    11.3    12.0     9.0     8.3     8.0    12.5    12.0    12.8     9.5    10.5    11.5    12.3    13.8    15.0    17.3    14.8    12.3    11.5    11.0    12.8    15.8    14.5    14.3    14.3 -9999.9M
 2001  7    15.3    14.0    17.5    18.5    14.0    12.5    15.5    16.5    18.0    18.8    16.0    15.0    18.5    15.3    12.8    13.8    13.5    12.0    13.8    15.8    18.3    19.3    16.8    13.8    13.3    14.0    15.3    13.3    12.8    14.5    14.5 
 2001  8    14.5    14.8    16.8    15.5    12.5    14.0    14.3    12.8    14.0    16.0    17.5    19.8    19.0    18.8    19.3    20.0    19.5    14.0    12.3    12.0    13.3    16.3    15.3    12.3    14.3    15.3    15.3    15.3    14.3    15.5    16.8 
 2001  9    14.8    10.5    16.0    10.3     8.8    11.0     7.8     9.0     6.0     7.8     7.0    14.0    12.0    13.5    14.3    13.8    13.0    12.5     9.3     9.3    12.5    15.8    16.8    14.0    13.8    13.5     6.8     6.0    11.3     6.5 -9999.9M
 2001 10     9.3     4.3     3.8     3.8     5.3     4.8     5.0     8.0     4.8     3.0     4.3     5.5     2.8     3.0     3.0     7.0     2.5     1.8     4.3     1.0     0.8     3.3     2.0    -0.5     2.3     7.5     3.0    -1.3     2.5     6.5     6.5 
 2001 11     3.0     2.8     5.0     9.3    -1.0    -1.5    -0.8     6.3     5.8     5.5     7.0    10.3     6.3     5.5    12.5     3.8    -3.0    -2.5     2.5     8.3     6.3     1.3     0.3    -2.3    -3.8    -2.8    -9.3    -5.5   -15.5   -11.5 -9999.9M
 2001 12    -3.5    -7.0   -12.5    -9.5   -11.5    -7.3    -1.5     2.8    -6.3    -4.3    -4.3    -5.0    -1.5    -4.5    -6.0    -0.3    -3.3    -2.8    -3.3    -8.0   -11.8   -11.5   -12.8   -10.0   -11.8    -9.3   -11.0    -8.0    -7.5    -6.0    -5.3 
 2002  1     0.9     6.0     3.5    -3.3    -0.3     3.0     6.3     1.0    -4.0    -2.3     0.8     3.5    -4.0    -6.5    -4.8    -5.0    -3.8    -9.8    -3.3    -3.8    -2.8    -8.0    -8.0    -4.8    -7.8   -16.3   -18.0   -18.8   -13.0    -7.8    -6.5 
 2002  2    -7.3    -3.0     2.8    -1.3     4.5     0.0    -0.3    -4.0    -3.5     4.0    -4.0    -3.5     0.0    -3.3    -6.0    -3.0     1.0     0.5     4.5     0.5    -1.8    -2.8   -11.5   -15.0   -14.8    -4.5    -6.5    -7.3 -9999.9M-9999.9M-9999.9M
 2002  3    -6.3    -4.0    -2.3     1.8   -14.8   -17.0   -17.3   -19.3   -15.8    -2.5     4.5     1.3     1.0    -0.3    -5.0   -11.3   -13.3   -15.0   -14.0   -16.8   -12.5     0.8     3.8     5.3     1.5     3.5     0.0     1.0    -2.5     0.5     2.3 
 2002  4    -4.3    -5.0     0.8     0.0     3.0     0.0    -0.5    -0.5     3.0     7.0     6.5     6.5     5.0     3.5     1.5     2.3     3.0     2.5     4.0     8.5     9.5     2.8     0.8     1.8     1.3     2.8     2.8     7.0     8.0     8.3 -9999.9M
 2002  5    11.0     8.8     2.5     4.0     2.0    -1.0     3.0     4.3     5.8     4.5     8.0    12.8    11.8     6.5     4.0     8.0    10.8     6.5    11.0     9.8     9.0     4.8     7.0     9.3    11.8    11.0    12.8    17.3    14.5    10.8     8.0 
 2002  6     9.8    10.8    11.5    12.3    11.8     6.8     7.3     9.5    12.5    13.3    14.5    16.3    17.3    18.8    19.5    17.0    13.8    12.8    11.0    14.5    18.3    17.8    18.3    15.8    17.0    20.5    18.0    14.3    15.3    12.5 -9999.9M
 2002  7    12.0    10.0    12.3    10.8    10.0    12.5    12.3    15.5    17.0    20.8    21.0    19.8    17.3    16.8    14.5    18.0    17.5    18.5    13.3    14.5    14.8    19.0    19.3    21.0    21.5    17.8    14.0    16.3    12.0    11.8    10.0 
 2002  8    11.3    11.0    10.5    11.8    11.0    11.5    12.8    14.8    18.0    13.5    10.8    14.0    17.0    16.8    12.3    11.5    11.3    12.8     9.8    14.0    13.8    17.0    18.5    20.3    17.8    18.3    16.5    18.8    16.5    13.8    10.8 
 2002  9    14.0    12.8     9.8     8.3     9.3     7.8     8.3     9.5     9.5    13.0    13.3    12.8    13.3    12.8    13.0    12.5    10.5     5.3     6.5     6.0     5.8     9.8    11.3    10.3     8.5     9.5     9.0    11.3     7.5     6.5 -9999.9M
 2002 10     4.3     5.5     7.8     3.5     7.8     8.0     7.3     5.8     6.8     1.5    -0.3     0.3     2.3     3.0     8.0     7.0     6.8     5.3     7.0     7.0     9.8     4.3     0.5     0.5     0.0     0.3     2.0     2.0    -3.8    -6.5    -4.0 
 2002 11    -3.0    -5.5    -2.3    -2.0     0.0     6.3     3.3    -2.3     1.5     3.5     3.8     4.8     5.0     3.0     2.8     7.3     1.5     6.3     5.5     7.0     5.5    -0.3    -1.5    -2.8    -3.8    -4.0    -2.8    -0.5    -1.3    -2.8 -9999.9M
 2002 12    -4.0    -1.3    -1.5    -4.5    -3.8    -0.8    -1.5    -3.5    -1.3     1.8     0.5     4.3     1.5     4.5     4.8     3.0    -2.3    -6.3    -8.3    -5.8    -3.5    -8.8    -9.8    -7.0     1.3    -5.8    -9.3    -9.5    -8.0    -6.8    -6.3 
 2003  1    -2.8     4.5     4.5     5.8     1.0     6.3     1.3    -3.8    -9.0   -11.3    -7.3    -5.3    -9.8    -4.5    -7.0    -5.0    -5.3    -5.8    -5.8    -5.5   -13.0   -12.3    -8.8    -4.0     0.0     2.3     0.5    -1.5    -4.8     0.3     1.8 
 2003  2     1.0    -4.3    -1.5    -1.0    -3.5    -1.0    -4.0    -7.3    -4.8    -6.8    -4.5    -4.3    -3.8    -5.5     0.3     1.0     0.3    -4.0    -2.8     0.8     1.5    -8.0   -11.0   -11.3    -7.5    -3.0    -2.5     0.3 -9999.9M-9999.9M-9999.9M
 2003  3    -1.5     1.8    -3.0    -1.5    -2.3   -13.8   -20.8   -21.5   -13.8    -5.8    -6.5     1.0     8.3    10.0     7.5     3.3     2.0     0.3     1.8     8.8     6.0     8.0     2.3    -1.3     3.0     0.3     3.5     2.0     3.8     8.3     4.5 
 2003  4     1.5     0.5     2.0     0.0     2.3     1.5     7.3    11.8     5.3     7.0     8.3     6.5     7.0     6.3 -9999.9M-9999.9M-9999.9M-9999.9M-9999.9M-9999.9M-9999.9M-9999.9M-9999.9M-9999.9M-9999.9M-9999.9M-9999.9M    7.5     7.5     8.5 -9999.9M
 2003  5     9.3     8.8     3.3     2.0     2.5     4.8     4.0     5.8     7.8     8.3    10.0    11.3     8.3     9.0     3.0     3.8     3.5     5.5     5.3     7.5    11.8    11.8    12.0    19.5    16.0    11.3    14.8    15.3    10.5    14.0    15.3 
 2003  6    14.3    11.3     9.3    11.8    14.5    14.8    17.5    17.8    15.5    14.0    16.3    15.3    15.3    13.0    13.0    13.5    16.5    18.0    11.8    11.8    10.5    12.0    12.0    12.8    13.5    14.3    12.8    15.5    17.5    14.8 -9999.9M
 2003  7    10.8    10.8    15.3    13.3    12.8    13.0    17.0    15.0    15.5    17.0    19.5    20.8    15.8    14.0    15.0    14.5    15.3    15.5    15.0    21.0    20.0    19.0    17.8    16.0    14.3    17.5    18.5    17.3    17.5    19.0    21.8 
 2003  8    21.0    17.5    15.0    15.0    18.5    15.5    16.0    16.5    18.0    16.0    16.0    15.8    15.8    19.3    18.0    19.0    17.8    19.8    14.8    13.0    17.8    16.8    11.8     7.8    13.0    13.5    12.5    13.8    13.8    16.0    15.0 
 2003  9    11.8    14.5    16.8    18.8    17.8    20.0    15.3    11.5     9.3    10.5     9.8     9.3     6.5    10.3     6.5     3.8     6.0    10.0    10.5     6.3     4.8    10.0     6.5     5.0     8.0     9.5    10.8    10.0    11.8    10.8 -9999.9M
 2003 10     9.8     9.8    11.5    10.8    11.8    11.3    12.3     6.5    10.5     6.3     4.5     5.0     5.8     3.8     2.0     7.0     9.3    13.0    10.5     8.5    11.3    13.3     6.3     0.0     5.5     3.5     7.5     5.0    -0.3    -3.8    -8.0 
 2003 11    -3.5    -4.3    -7.5   -10.5   -10.0    -9.3    -7.0    -7.3    -5.8    -0.8     1.0    -1.0     2.3     1.5     3.0     1.3     1.8    -2.0    -3.5    -9.0   -13.0   -12.5    -5.5    -5.5    -4.8    -2.5    -3.0     2.5    -1.5    -9.8 -9999.9M
 2003 12   -13.3    -4.3    -4.0    -5.0     4.8     0.8    -1.5    -2.8    -5.0   -13.8    -7.0    -4.0    -5.3    -5.3    -4.5     2.3    -4.8    -3.3     1.0     1.3    -2.5    -1.8     4.8     5.3     0.0    -7.3    -5.5    -4.8    -9.5    -7.3    -4.8 
 2004  1   -10.0   -18.5   -25.5   -28.3   -26.5   -21.0    -6.8     2.5     3.5     2.5    -2.0    -1.5     1.3     3.5    -0.8    -1.8     1.3     1.3     0.3    -1.0     0.3     0.0     0.8    -5.8   -16.5   -24.5   -24.8   -20.8   -12.5    -8.3   -10.0 
 2004  2    -8.5   -11.0    -8.0    -5.5   -10.3    -0.5    -2.3    -1.5    -1.0     0.5     2.0    -1.5    -2.0    -2.8    -0.8    -2.5     3.0     3.0     1.8     1.3     0.0    -1.3    -0.5     3.8     2.0     1.3     1.8     1.8     0.8 -9999.9M-9999.9M
 2004  3    -2.0    -4.5    -4.0     1.0     0.8    -1.0     4.8     6.3     4.3    -1.0     3.0     3.5     0.0     4.3     1.8     3.0     1.0     4.5     2.3     0.5     3.8     7.3     3.8     2.5     2.5     2.0     2.5     4.3     8.8    10.0     0.3 
 2004  4     0.0     3.8     6.0     6.0     5.8     5.3     5.5     5.5     5.0     7.3    10.0    10.8     9.8     1.0     0.3    -0.5     4.5     6.5     5.5     5.5     7.5     8.0     8.0     4.3     8.5    12.0     6.8     6.8     8.5    10.3 -9999.9M
 2004  5    13.0    11.3    12.0     7.5     5.3     4.8     9.3    10.8     7.8     8.8     4.5     4.5     5.5     9.5    10.8    10.3    11.5    14.8    12.0    12.0    10.5     8.5     8.0    10.8     7.5    12.0     8.8     8.3     8.5    11.0     8.3 
 2004  6     9.8    10.3    12.8    16.5    14.8    10.5    14.3    13.5    14.3    14.0    13.8    12.8    12.5     8.3    10.0    12.0    13.5    13.0    15.0    18.0    20.3    19.8    20.5    19.5    19.8    19.3    15.8    12.5    16.3    17.8 -9999.9M
 2004  7    19.3    15.0    13.5    15.3    16.0    17.3    12.5    13.3    15.0    14.8    14.5    17.5    17.5    17.3    20.0    19.8    19.0    21.3    21.5    17.0    15.8    15.5    19.5    21.0    18.5    14.5    15.0    16.5    17.8    18.0    15.0 
 2004  8    16.0    18.0    17.5    19.8    14.0    13.5    13.5    13.5    14.5    17.5    19.0    18.0    20.0    20.0    17.8    20.3    20.3    20.0    19.3    17.5    14.3    13.3    10.5    11.0    13.5    15.8    12.8    13.0    12.3    15.0    14.5 
 2004  9     9.0    11.0    10.5    13.8    10.5    11.0    11.8    12.5     9.5     9.5    14.0     8.8     8.3    10.3     8.3     8.3     6.3     5.0     5.8     5.3    10.5    10.8    11.5     9.8    11.8     9.0    11.3     8.8     7.0     5.8 -9999.9M
 2004 10     6.5     9.3    10.0    10.3     8.8     9.5     7.3    13.3     7.0     9.8     7.5    10.0    12.8    12.5     8.0     2.8     1.5     0.0    -1.8    -2.5    -2.0     0.8     0.8    -1.0     2.8     2.3     0.8     2.5     0.5     3.0     0.5 
 2004 11    -1.8     1.3    -0.5     0.8     5.0     0.8     2.3     4.8     3.0     0.8    -0.3     0.0     2.3     4.5     4.5     2.3     0.0     2.5    -1.0    -2.0    -0.8    -3.3    -4.8    -0.5     0.3    -5.5    -2.8    -2.3    -7.3    -2.5 -9999.9M
 2004 12     0.0    -0.8     0.0    -0.5   -10.0   -12.0    -7.3    -7.5    -4.8    -0.8    -2.0   -10.8    -4.5     2.8     1.8     2.3    -0.5     2.5     0.5    -0.8    -2.0    -6.0    -3.8    -3.5    -1.5   -11.0   -12.0   -13.0    -7.8   -16.0   -18.0 
 2005  1   -19.3   -22.3   -21.3   -19.5   -15.8   -13.8   -20.3   -17.0   -21.8   -23.0   -16.0   -22.5   -31.0   -31.5   -24.8   -10.3    -4.5     0.8     1.8     1.5     2.0     3.5     5.8     6.0     1.8     1.5     2.3     1.0     0.5     1.8     4.5 
 2005  2     4.0     6.3     3.5     0.8    -2.3    -8.3    -9.5    -4.5    -3.0    -4.5     2.5     3.0    -1.3    -5.3    -8.8    -6.8    -6.8    -5.5    -4.3    -6.5    -5.3    -2.0    -0.8     1.0     0.8     1.3     3.0     2.8 -9999.9M-9999.9M-9999.9M
 2005  3     3.3     6.0     4.5     4.8     6.3     2.0     6.3     5.3     6.3     3.3     5.5     3.5     3.0     2.3     3.5     2.3    -1.8    -1.0    -1.5     3.8     2.5    -1.3    -3.3    -1.5     1.0     4.8     5.5     4.5     2.3     1.5     3.5 
 2005  4     6.0     1.5     6.3     2.3     1.0     9.3    10.0     5.5     2.8     3.0     5.8     2.5     3.3     2.0     2.8     9.0     4.0     4.8     6.3    10.3    11.8    11.5    11.5    11.5    12.3    12.0     7.0     5.5     3.3     4.5 -9999.9M
 2005  5     7.3     8.8    10.0     9.5    11.5     9.3     6.5     9.3    10.0    10.5    13.8    14.0    15.8    16.0    12.8    10.8    10.0     9.3    10.5     8.5     8.3    11.3     8.5     9.3    10.0    12.5    15.3    17.5    18.5    17.0    13.0 
 2005  6    10.8    14.0    13.3    13.3    13.3    11.0    13.0    15.3    16.0    14.0    13.0    11.3    12.5     9.8    11.0    10.3    13.8    14.3    14.8    18.5    16.3    10.3    12.3    13.3    15.0    12.3    13.8    17.0    17.5    15.5 -9999.9M
 2005  7    15.0    11.0    13.5    16.8    13.5    15.0    14.0    15.5    12.8    13.3    12.0    14.5    15.3    14.8    12.8    14.0    15.8    16.8    13.3    14.8    14.3    17.8    15.8    13.5    14.0    14.8    17.8    18.3    16.5    15.5    16.3 
 2005  8    16.5    11.5    13.8    17.8    16.0    17.8    17.8    14.5    14.0    15.3    14.8    16.0    15.3    17.3    16.3    15.3    14.5    11.0    15.3    19.0    12.3    11.0    10.0    13.5    13.3    14.3    15.5    16.8    12.8    12.5    10.5 
 2005  9    12.5    14.0    10.8     8.3     9.8    10.0    11.5    13.5     8.5    11.3     8.0    12.3    10.3    11.8    10.8     8.0     8.5     9.5    11.3     7.0     6.5     5.0     4.0     5.5     7.3     9.0     4.8     6.0     8.3     6.8 -9999.9M
 2005 10     6.0     4.5     5.8     7.0     8.3     8.5     6.8     5.5     5.0    11.5     7.5     8.5     7.3     4.0    10.0     4.5     6.5     6.5     5.5     0.0     4.3    10.5     9.0     8.8    15.5     4.0     3.0     7.5     5.0     1.5     7.5 
 2005 11     2.5     1.5     4.3     1.3     1.3     1.5    -2.5    -2.5     5.0     7.0    -2.3    -1.3    -0.3    -2.3    -3.5    -0.3     0.3     3.0     0.0     0.0     0.3    -1.3    -3.3    -2.3    -0.8    -3.0   -10.3    -9.0   -10.5   -11.0 -9999.9M
 2005 12   -15.3   -14.0   -12.0   -11.3    -8.8   -12.8   -12.5    -4.5    -6.0    -2.5    -3.8    -6.0    -5.3   -10.8   -11.0    -9.3    -8.5   -14.3   -10.3    -1.5     4.0     5.3     2.8     6.0     8.5     5.3     4.3    -0.5     0.3     2.3     1.0 
 2006  1     0.5     3.5    -3.0     0.3     6.3     3.5    -1.0     1.5     1.0    -0.3    -1.3    -1.5     2.8     0.3    -4.0    -4.5     3.8    -2.3    -4.5    -3.3    -2.0    -4.3    -4.0     0.5     5.0     1.5     1.0    -1.0    -5.8     0.5    -2.0 
 2006  2     2.8    -2.0    -1.3     3.3    -0.8    -2.3     3.0     1.5    -4.0    -6.3    -2.3     0.0    -2.3    -6.8    -7.5   -10.3   -15.3   -12.8   -11.0    -6.3    -0.8    -2.0    -3.8   -12.3   -13.3    -0.8     2.5    -8.3 -9999.9M-9999.9M-9999.9M
 2006  3    -4.0     3.5     1.0    -0.3    -1.5     1.3     3.0     0.0    -3.5    -5.8    -7.0    -7.5    -5.8     3.8     3.3     2.3     2.8    -2.8    -1.8     0.3     2.8     6.8     9.0     8.3     4.0     0.8     2.0     2.0     4.8     3.5     3.8 
 2006  4     5.8     6.0     3.5     6.3     6.8     7.8     7.0     9.3     7.0     4.3     5.0     6.8     4.0     4.0    -0.3     3.8     3.8     4.0    10.5    12.0     3.3     2.0     6.3     9.3     8.5     7.3     7.8    10.5     4.3     5.5 -9999.9M
 2006  5     5.3     3.5     4.8     9.3    12.0    10.0     6.8     2.8     4.3     7.0     9.0     5.8     4.5     9.0    14.0    18.5    16.3    15.0    14.3    14.3    12.8    15.0    15.5    12.0    11.3    11.0    10.3    10.0    13.3    13.0    13.8 
 2006  6    18.8    16.0    12.3    11.0    11.0    12.0    13.8    14.8    16.0    14.5    14.0    15.0    18.0    14.8    16.8    14.3    13.0    12.3    12.3    11.3    12.5    12.8    13.3    14.5    17.8    20.0    19.3    14.8    13.5    14.5 -9999.9M
 2006  7    17.3    18.8    20.3    19.5    20.3    19.3    14.5    18.0    18.8    16.0    11.3    14.0    14.5    13.8    14.0    11.5    14.5    14.0    13.3    17.5    21.3    23.3    23.0    20.8    17.5    18.0    17.8    16.5    16.0    11.5    14.8 
 2006  8    14.8    13.8    12.8    13.0    12.5    15.3    15.3    15.5    15.8    13.0    14.0    14.8    16.3    15.3    12.3    12.3    14.5    16.0    14.8    14.5    16.3    14.5    14.5    14.0    13.0    14.5    15.5    15.5    12.3    10.0     9.3 
 2006  9    12.8    15.8    17.0    22.3    17.8    16.0    15.5    16.8    12.3    12.5    15.3    13.5     8.0     9.0     8.3     5.5     6.3    13.0    11.3     6.8     7.8     6.3    12.8    12.3    11.5    14.3    12.0    12.0    11.3     6.8 -9999.9M
 2006 10     4.5     4.8     3.0     3.5     3.3     6.5     1.3     4.3     2.8     6.8     7.5     6.8     7.0     4.0     8.5     4.3     1.0     3.3     6.5     7.3     3.3     4.5     3.5     6.5     1.8     2.0     3.5     7.0    -1.5    -6.8    -6.5 
 2006 11    -3.5    -3.5     1.5     4.5     4.0     7.3     8.0    -0.3    -4.0    -1.8     0.0    -0.5    -3.3    -5.0     4.5    -1.3     3.5     2.0     8.0     0.5    -0.8    -4.0    -6.0   -12.0   -18.0   -20.8   -21.0   -25.5   -18.5    -6.8 -9999.9M
 2006 12    -5.3   -11.5    -3.8    -2.5    -5.5    -1.8     1.0     1.3     1.8     3.5     6.3     2.0     2.3    -4.0    -3.8   -12.8    -6.5    -5.5    -1.0     3.5     1.8    -5.0    -3.8    -6.0    -2.3    -4.5    -6.3    -7.5    -3.0    -2.8    -6.0 
 2007  1    -2.3     3.8    -1.8    -4.8    -6.5    -4.0     0.8    -6.3     0.5   -18.5   -23.8   -22.5   -14.5    -8.0   -10.0    -5.3    -8.5    -8.8    -1.8    -0.8    -6.0    -0.3     1.0     2.5     0.5    -9.0    -8.0   -10.5    -3.3    -9.5    -9.5 
 2007  2   -10.8   -11.0   -12.8    -2.5     2.3     1.0     1.3    -5.0    -8.8    -5.3    -4.0    -8.8   -11.0    -6.8     0.5    -1.8     3.5     1.0    -0.3    -3.0    -2.3    -1.0    -5.8    -4.0     2.3     1.0    -0.8    -4.3 -9999.9M-9999.9M-9999.9M
 2007  3    -3.8    -7.8     1.3     0.8     4.8     5.8     7.8     2.5     6.8     3.5     6.3     2.3    -2.3    -1.5    -3.8     1.0     6.8     2.3     6.8     2.5    -3.0    -1.8     4.3     7.0    -2.8     2.8     0.0    -1.3     9.0     6.3    -2.5 
 2007  4    -1.0    -5.5    -6.3    -2.0     5.3     8.8    10.8    11.0     4.8     3.3     3.0     4.3     5.8     6.0     3.8     6.0     4.5     3.3     2.3     6.8     4.8     6.3     8.3     7.8     7.0     5.3     6.5     5.8     4.5     4.3 -9999.9M
 2007  5     5.5     9.3     6.3     6.8     5.5    11.8    14.3    11.0     5.5     7.0     9.5     8.8     7.5     7.5    10.8    12.8     9.0     9.8    10.8     8.3     4.3     7.4    17.0     8.0    10.5    12.8    11.5     8.8    11.3    15.3    11.5 
 2007  6    17.0    18.5    18.8    18.5    16.0    16.0    12.5    13.5    11.5    11.0     9.5    10.5    12.3    11.5    11.8    12.0    12.8    13.0    12.5    14.3    14.5    11.3    10.8     8.5    10.3    12.3    18.0    17.3    16.5    14.0 -9999.9M
 2007  7    12.0    13.3    17.5    18.3    17.8    16.3    14.0    15.3    19.5    18.3    19.3    18.0    22.5    20.8    23.3    17.0    18.3    15.5    16.5    14.3    15.5    19.0    16.5    14.8    13.8    20.3    17.8    16.0    14.8    14.3    12.3 
 2007  8    11.4    15.3    13.8    16.0    16.3    13.4    16.0    14.8    10.0    12.0    11.6    14.0    11.0    11.5    14.5    17.8 -9999.9M    8.2     9.8    12.0     8.9    13.8    14.0    14.8    13.5    12.3    11.5     9.5    14.8    18.8    13.0 
 2007  9    13.3    12.4    12.8    11.8    12.0     9.8     7.9    11.0     8.5    13.8    10.5    12.0     8.0    11.5     8.6     7.8     5.9     7.0     5.3     9.8     5.6     9.3 -9999.9M    6.5 -9999.9M-9999.9M    3.5     6.8     2.5     4.8 -9999.9M
 2007 10 -9999.9M    4.0     7.0     3.0     4.8     3.9     8.5 -9999.9M    8.8 -9999.9M-9999.9M    6.8 -9999.9M    5.0 -9999.9M-9999.9M   10.8 -9999.9M    5.3     3.7     3.8     8.0 -9999.9M    8.5 -9999.9M-9999.9M    1.3     3.5 -9999.9M    1.5     3.0 
 2007 11     1.3    -3.7    -1.3    -0.6     0.0    -1.0 -9999.9M    1.3 -9999.9M-9999.9M    5.8 -9999.9M    5.0    -1.2    -0.3     7.5     2.5     0.6    -1.0 -9999.9M-9999.9M   -6.5    -6.8    -5.3    -4.5    -5.8    -4.2    -1.8 -9999.9M   -7.5 -9999.9M
 2007 12    -6.5   -14.5   -14.5   -10.1    -8.0   -15.8 -9999.9M  -15.1   -17.5 -9999.9M   -9.3    -7.7    -4.3    -7.8    -3.5     0.5 -9999.9M   -5.0 -9999.9M-9999.9M  -12.0    -6.3    -8.0    -4.3    -5.9 -9999.9M   -5.9    -3.0 -9999.9M   -6.3    -6.7 
 2008  1    -6.5     1.0    -0.8     1.3     4.0    -5.9    -8.0    -5.6    -5.8    -5.3    -7.0    -4.0    -0.5    -0.5    -6.2   -10.0    -5.0    -5.0    -9.2    -8.3   -14.5   -17.0   -14.5   -15.6   -11.8    -6.0   -12.5   -27.5   -23.0   -13.3   -13.6 
 2008  2    -5.3   -11.8   -12.3   -13.5    -3.3    -4.5    -1.5    -5.0   -13.5    -6.8    -6.4    -5.2     1.8    -4.9    -1.8    -3.8    -7.8    -9.8    -3.0    -7.3    -2.5    -6.2    -1.0 -9999.9M   -4.3 -9999.9M-9999.9M-9999.9M   -1.0 -9999.9M-9999.9M
 2008  3     0.0    -2.8    -2.5     1.5    -2.5    -1.8     2.2     0.7     2.5     2.3     6.5    -0.3    -2.7    -2.3    -2.2    -4.0    -4.3     0.0    -2.3     0.3    -1.9     0.0     4.3    -0.5    -2.0    -2.3    -3.0    -4.3    -5.5    -4.8    -5.3 
 2008  4    -6.0     0.8    -0.6    -0.9     3.8     1.7     4.0     2.8     0.5     2.8     2.2     7.8     8.1 -9999.9M    3.1     4.0     3.8    -1.8    -4.8    -5.3    -6.0    -0.5    -2.3    -0.8     0.5     0.6     5.3     4.0     6.5     0.7 -9999.9M
 2008  5     2.8     3.8     4.5     6.5 -9999.9M    6.1     8.8 -9999.9M    6.3     8.3     6.5     7.3     6.8     8.3     8.5    13.8 -9999.9M   15.8 -9999.9M-9999.9M    9.8    10.8    11.0    11.5    15.8    12.6    13.3    14.3     9.6    14.8 -9999.9M
 2008  6    15.3 -9999.9M   12.8    13.0     9.8     8.8 -9999.9M    8.2    11.3     9.0 -9999.9M   11.0    11.8     7.3     9.5    13.0    12.3    10.0    11.8 -9999.9M-9999.9M   16.3 -9999.9M   14.0 -9999.9M-9999.9M   14.3 -9999.9M-9999.9M   19.0 -9999.9M
 2008  7    20.5    20.4    20.3 -9999.9M   17.8 -9999.9M-9999.9M-9999.9M   14.5 -9999.9M-9999.9M   11.0 -9999.9M   17.0    14.5 -9999.9M   13.3    14.5    14.8 -9999.9M   14.0    19.5    12.5    15.2    17.0    20.3    14.8    15.3    13.0    12.0    11.0 
 2008  8    12.0    10.5    13.0 -9999.9M   19.0 -9999.9M-9999.9M-9999.9M   16.3    11.8     9.4    14.5    14.8    15.8    19.5    21.0 -9999.9M   19.5 -9999.9M-9999.9M   19.3 -9999.9M-9999.9M-9999.9M   19.3     8.5    11.0    11.5    15.5     8.3     8.0 
 2008  9     7.3     8.1     9.0     7.6     9.0    11.3     8.5     9.0 -9999.9M    9.5 -9999.9M-9999.9M   14.8 -9999.9M   12.0     8.9    12.5    14.8    12.8    10.6     8.0     3.8     4.3     6.0     9.0    10.5     5.9     8.0    11.5    12.0 -9999.9M
 2008 10    16.5    15.3    14.0     9.9     7.3     3.4     5.8     6.3    -0.3     1.3    -0.3 -9999.9M   -0.7     5.5     0.8     1.5     7.8     2.2     4.3     2.0     4.8     4.3     5.0     5.5     1.8    -1.5    -0.8     2.0     1.9     4.5     6.0 
 2008 11     9.0    11.5     3.0    -0.3     2.3    -1.3     4.0     7.5     3.5     4.5     2.5     2.7     2.0    -1.5     2.0     1.0     3.5     1.3    -4.5     2.5     0.3    -0.5    -2.3     5.3     1.8     3.8    -4.5    -2.5    -2.0     0.5 -9999.9M
 2008 12    -0.3    -7.3    -9.8    -9.3    -2.5     0.0     0.5     0.5     0.3    -2.5    -7.8    -2.5   -17.0   -22.3   -29.0   -25.5   -19.5   -23.5   -29.5   -33.3   -28.0   -22.3   -28.8   -18.0   -19.5   -13.5    -7.0    -7.8    -8.3    -9.8    -4.0 
 2009  1    -7.3   -17.5   -21.8   -10.8    -5.0    -6.0    -0.5    -3.0    -9.3    -7.0    -5.5    -5.3    -2.5    -1.0    -1.3    -3.0    -4.8   -10.0   -10.5    -9.0   -10.8   -12.0   -17.3   -19.5   -24.3   -24.8   -11.0    -5.8    -1.8    -4.3    -8.0 
 2009  2    -6.0    -0.8    -3.0    -0.5    -3.5    -1.0    -6.0    -0.3    -3.5   -11.5   -11.0    -6.5    -6.8    -7.5    -8.0   -12.5   -10.8    -5.3    -7.0    -8.0    -6.0    -5.5    -2.8   -10.0   -16.8   -15.8   -16.0   -12.5 -9999.9M-9999.9M-9999.9M
 2009  3     2.5     8.0     0.3    -1.3    -8.8   -10.8    -5.8   -10.0   -16.3   -22.3   -16.3    -6.5     0.8     1.5     0.5     1.0    -2.3 -9999.9M-9999.9M-9999.9M-9999.9M-9999.9M-9999.9M-9999.9M    4.8    -1.0     1.5    -2.8    -0.8    -2.0     0.8 
 2009  4    -4.0     1.8     0.0    -1.3     3.5     4.5     4.5     6.3     2.5     4.8     3.3     2.0     3.5     2.5     2.0     3.8     7.8     2.8     1.8     5.8     8.5     1.8     1.0     2.3     5.5     2.5     1.5     2.3     3.5     4.8 -9999.9M
 2009  5     6.3     8.8     7.5     7.8    10.8     8.0     5.8     7.3     6.3     7.5     8.8     6.3     4.5     6.8     8.3    10.0    11.0     8.8     5.0     3.5     6.8     8.8    11.3    10.5    13.3    11.5     9.5     8.3    15.0    12.5     8.8 
 2009  6    10.5    12.3    14.0    15.3    15.5    10.8    10.8    10.5    14.5    14.5    14.5    15.3    16.0    16.0    15.8    14.5    14.3    15.0    12.5    12.3    12.5    12.0    13.0    13.0    13.5     9.0     9.8    10.0    10.0     9.0 -9999.9M
 2009  7    10.3    11.5    13.5    16.8    17.8    12.0    12.5    12.8    12.5    14.8    17.8    19.5    17.8    16.3    15.5    18.0    17.5    17.8    13.0    13.8    17.8    19.0    19.8    18.8    22.0    22.0    21.5    21.3    21.3    21.5    21.5 
 2009  8    21.5    20.3    18.8    16.8    12.5    17.0    16.5    17.5    15.8    17.5    14.5    11.8    13.3    12.3    11.5    15.8    15.5    18.3    15.8    20.3    19.8    12.5    12.5    12.0    12.0    11.5    16.5    18.0    16.8    17.3    16.8 
 2009  9    17.8    18.0    10.0    13.8    13.3    13.5     9.8    11.3    13.8    10.8    14.0    16.0    16.5    14.8    15.8    13.5    13.5    14.3    11.0     9.0    10.5    14.0    16.0    12.5     9.5     7.5     3.5    10.3     5.8     3.5 -9999.9M
 2009 10     5.3     3.8     5.0     2.3     1.5     7.0     4.5     2.5    -2.5    -5.8    -6.3    -6.0    -1.8     1.8     6.3     9.0     5.5     6.8     4.5     2.0     3.3     3.3     6.0     1.5     0.0     0.5     1.0    -0.3     4.3     5.0     2.0 
 2009 11     1.5     3.5     0.3     2.0     8.0     3.5     0.5    -1.0     6.5     1.0     0.0    -4.5    -2.0    -7.0     3.0     4.0     3.5    -0.3     4.3     4.8    -2.0    -0.5     0.5    -2.5     4.5    -2.8    -3.5    -2.5    -0.5    -2.0 -9999.9M
 2009 12    -9.3    -3.0   -10.0    -6.0   -12.3   -18.5   -19.5   -16.0    -5.0   -10.0    -7.3    -8.0   -24.5   -27.5   -20.3    -5.0    -0.8     2.8    -6.3   -10.0    -9.0   -13.8   -19.0   -14.0   -14.8   -13.8   -13.5   -12.0    -9.5    -9.0   -13.0 
 2010  1    -9.5    -3.8    -4.0    -9.0   -15.0   -16.0   -14.8    -8.3     0.5     3.3     7.0     4.0     1.8     1.0     2.8    -2.3     3.8     4.0     3.5     5.0     1.5    -1.8    -8.0    -5.3     1.0    -1.8    -2.3     0.0     4.0     0.5    -1.0 
 2010  2     0.5     1.0     1.0     2.8     2.8     0.0    -3.3    -3.3    -4.0    -1.8    -0.8     4.5     3.5     5.8     1.3     0.5    -0.5    -3.3    -3.5    -3.8    -3.8    -1.5    -1.8     0.3     3.5     2.8     2.5     4.0 -9999.9M-9999.9M-9999.9M
 2010  3     4.8     8.5     3.0     2.0     2.3     2.0     1.0    -3.3    -5.5     0.3     3.8    -1.3    -1.0     3.3     8.5    10.5     4.8    -0.8    -0.3     1.5     6.5     2.8     3.0     5.5     4.3     6.0     4.8    10.0     8.8     2.8     1.8 
 2010  4     0.5     2.5     2.5     0.5     3.5     3.0     5.0     0.3    -2.5     0.0     0.0     2.3     6.5     5.5     8.0     9.5     7.8     8.5    10.8    12.5     6.5     5.3     3.5     5.3     4.0     6.5     9.5     6.3     6.0     7.5 -9999.9M
 2010  5     6.3     3.5     3.8     3.3     3.3     2.8     4.0     4.5     4.3     6.5     7.3     8.0    11.5    11.0    11.5    11.0    14.0    15.0    11.3     9.8     7.0     6.5     4.5     8.3     9.0    11.3    13.0     9.3     9.5    11.3     9.5 
 2010  6    12.3    10.5     9.8     6.8    10.8     9.0    11.3    10.3    11.8    10.3    14.3    14.8    12.3    10.0    10.0    10.0    12.5    13.8    15.0    14.3    13.8    15.8    14.3    14.8    14.5    14.0    16.3    12.8    11.5     8.5 -9999.9M
 2010  7     8.8     9.5    14.5    12.5    12.8    12.8    16.8    18.3    18.8    16.8    18.5    10.5    11.5    14.5    15.0    13.3    13.5    14.3    13.8    15.5    16.5    14.3    15.5    15.3    14.0    15.5    17.8    20.3    17.5    16.0    17.5 
 2010  8    15.8    17.5    17.5    16.5    19.0    17.8    16.0    15.0    14.0    13.3    15.5    15.3    14.8    16.3    17.8    16.0    17.0    16.0    11.5     9.5    13.8    12.5    10.8    16.3    17.5    10.5     9.0     9.0     7.3     8.8    10.0 
 2010  9    10.3    12.0    15.5    10.0     7.0     8.3     9.3     7.5     7.8    10.0     9.5    10.3     9.0     7.0    12.5    12.5     6.5     6.3     9.0     4.0     7.3     7.3     5.5     7.8    14.0    13.0    17.0    15.0     7.5     8.0 -9999.9M
 2010 10    12.0    12.0     7.8     7.3     6.0     9.3    10.8    12.5    14.0    13.0     2.5     8.8    10.8    11.8     2.5     1.0     0.5     5.5     6.5    10.0     6.3     7.3     3.3     8.5     2.5     3.8     2.3    -0.8     4.5     6.8     7.8 
 2010 11     9.0     5.0     4.8     6.8     3.0     2.5     3.5    -1.5    -2.8     0.5    -1.5    -0.5     0.5     2.3     0.8    -2.3    -1.3    -1.5   -16.5   -15.3   -14.5   -17.0   -23.3   -16.8    -5.8    -2.8    -5.5    -5.5    -8.5    -0.8 -9999.9M
 2010 12    -0.8    -3.5    -4.0    -7.5   -16.3    -5.5     4.3     4.3    -0.3    -5.8    -3.5     1.3     1.8     0.5    -7.8    -7.5    -9.8   -15.5    -7.8    -5.3     3.5     1.1     4.8     4.8     6.5     3.8    -0.5   -10.0   -10.0   -15.5   -15.3 
 2011  1    -9.8    -6.5    -4.3    -3.5    -1.8    -3.8    -1.8   -10.5   -12.3    -2.3   -11.3   -10.5   -17.5   -18.5   -14.0    -8.0    -2.3   -15.0   -12.5    -4.5    -3.5    -5.8    -5.8     0.3     0.0     1.8    -1.8    -3.5   -12.8   -14.8   -20.0 
 2011  2   -17.5    -9.5    -4.0    -2.0    -8.0    -7.3    -6.0   -10.5   -14.3    -5.3    -1.5    -1.3    -1.0     3.0     2.0    -1.8   -12.8   -17.8   -17.3   -17.3   -12.3    -8.5   -16.8   -24.8   -21.3   -14.3    -9.8   -18.3 -9999.9M-9999.9M-9999.9M
 2011  3   -17.0    -7.0    -1.0    -4.8    -1.0    -7.0    -7.5    -8.8    -1.5     4.0    -1.0     4.8     3.5     6.5     5.5     3.5     0.8    -1.5    -2.5     0.3    -1.3     2.8    -0.5     0.3     3.8     3.5     1.5     3.8     5.5     5.3     4.3 
 2011  4     1.3    -0.5     0.0     3.5     1.8     0.8    -0.5    -0.3     4.3     4.3     4.0     0.0     5.8     4.5     1.8    -0.5     1.0    -0.5    -1.5     1.0    -0.3     0.8     3.3     4.8     6.0     4.8     4.8     3.0     3.5     3.5 -9999.9M
 2011  5     5.5     6.3     5.0     4.8     7.5     7.5     6.8     7.5     8.0    10.3    11.5     6.3     6.5     7.5    12.0     8.0     3.5     8.0    11.0    10.8    11.3    11.5     9.5     8.3    11.0    10.8     6.3    10.8    10.0     8.8     9.3 
 2011  6    11.3    10.8    10.3    13.3    12.3    12.0    12.8    12.5    13.0    12.3     8.8    11.0    10.8    11.5    10.0    13.8    15.3    13.5    14.0    15.0    14.3    15.0    11.0    10.0    11.5    13.5    13.0    13.8    15.0     8.0 -9999.9M
 2011  7     8.0    12.0    11.3    12.5    15.0    15.0    13.3     9.5    11.8    14.5    15.3    14.0    14.0    12.0    13.5    16.0    16.8    15.5    14.0    13.0    10.0     8.0    13.8    16.3    16.0    12.8    12.8    12.3    13.5    14.3    13.0 
 2011  8    10.8    13.3    15.8    15.8    17.3    13.0    13.3    15.0    14.8    17.5    15.5    15.0    14.0    12.8    10.0    13.5     9.5    11.0    10.8    16.5    14.5    16.8    15.0    16.5 -9999.9M-9999.9M-9999.9M-9999.9M-9999.9M-9999.9M   10.3 
 2011  9     8.5    10.0    10.5    13.8    13.8    15.0    16.0    16.3    16.0    16.0    14.5    12.8    13.0    12.0     9.3    10.0     8.5     9.3     7.8    10.0    16.5    18.5    21.3    13.5    14.3     8.3    11.3     9.8     8.3    11.0 -9999.9M
 2011 10     6.3     8.5     9.8    11.3     7.3     6.5     8.5     6.5     8.0     6.3     9.3     7.3     4.3     2.3     1.0     1.8     5.0     8.0    10.5     6.3     6.3     5.0     4.0     2.3     2.3     1.0     0.5     2.8     0.0     4.5     2.5 
 2011 11    -0.3     4.5     0.3    -6.0    -4.0    -5.8    -0.8    -4.5     1.0     6.8     3.3    -0.5    -0.8    -3.5    -5.0    -5.0    -1.0   -12.0   -10.8   -12.0     0.3     3.0     0.8    -2.5    -0.5     3.5     4.3    -3.0    -0.3    -2.5 -9999.9M
 2011 12    -3.5    -3.5    -0.5    -4.8    -7.5   -10.5   -11.8   -11.3    -7.8    -7.8    -7.5    -2.3    -2.3    -3.3    -1.3    -2.0    -3.3    -4.8    -4.8    -6.0    -7.0    -4.4     0.5     0.8    -4.5     0.3     0.8     0.0    -2.0     0.5    -7.8 
 2012  1    -4.5     5.3     1.2     7.0    -0.3    -4.5    -5.8     2.3     5.5    -8.0   -11.0   -10.0   -10.0    -4.5   -16.0   -21.0   -26.0   -33.3   -30.5   -13.8    -5.5    -6.5    -1.0     1.5    -0.8    -3.5    -4.8    -2.0     1.8     0.5     0.5 
 2012  2    -2.5    -3.3    -5.0    -7.5    -3.0    -6.3    -4.0    -4.8     1.3     2.5     3.5     3.0    -0.3    -6.0    -6.3    -2.5     0.0     0.3    -1.5    -3.0    -1.0    -1.5    -3.0    -5.0    -4.3   -10.3   -14.8    -4.8    -2.0 -9999.9M-9999.9M
 2012  3    -1.5 -9999.9M-9999.9M-9999.9M-9999.9M-9999.9M-9999.9M    0.0     7.8     1.3     2.8     1.3     0.8    -3.3     6.0     2.8    -1.8    -1.0     1.0     1.5    -0.3    -2.3     0.0    -0.3     1.5     3.0     4.0     8.0     6.5     1.8     1.5 
 2012  4     2.8     0.1    -1.9    -0.3     2.0     0.3     1.3     2.8     5.8     7.5     7.5     7.5     4.3     3.3     3.0     3.0     5.0     6.5     5.8     7.0     4.8    11.3    11.3    10.8    12.5     9.0     7.3     6.3     9.3     9.0 -9999.9M
 2012  5     5.8     7.3     5.3     7.0     5.5     7.8    11.0    16.0     7.8     5.5     5.8     9.0    11.3    12.3    13.3    10.5     3.3     5.3     9.0     8.5    11.3    10.0     8.3     8.8     9.5    10.5    13.0    12.5    10.5    12.0    14.0 
 2012  6    11.3    10.5     9.0    10.3    11.3     8.3     9.0    11.5    14.3    14.8    14.3    13.3    13.8    11.8    11.5    13.0    12.8    11.5    13.8    13.5    16.3    17.8    16.5    16.5    15.0    14.3    13.0    15.0    14.3    14.5 -9999.9M
 2012  7    14.5    14.8    10.5    13.0    14.8    14.3    16.5    18.0    19.3    19.0    18.3    19.3    18.8    18.5    19.3    20.5    21.0    19.0    16.8    18.3    18.5    13.0    15.0    18.0    19.5    15.0    15.3    18.3    18.8    16.8    17.5 
 2012  8    12.3    14.0    15.0    20.0    21.5    20.8    19.8    18.3    14.8    14.5    16.0    18.0    15.3    16.5    15.8    15.5    13.8    19.8    20.5    18.5    16.8    16.5    12.5 -9999.9M-9999.9M-9999.9M-9999.9M   10.5    13.0    11.8    10.3 
 2012  9     7.3    10.5    12.5    14.0    13.5     9.5     9.8    16.5    16.3 -9999.9M-9999.9M-9999.9M-9999.9M-9999.9M    8.8     9.0    11.5    11.0    12.5    13.3    11.6 -9999.9M    8.6    10.0    10.0     8.8    11.3    11.0    11.8     8.5 -9999.9M
 2012 10    10.0     4.0     2.8     3.5     3.5     6.0     8.3     7.8     7.5     6.0     3.0     4.4    10.3    12.5     5.8     9.1 -9999.9M    3.5     6.5     0.3    -0.3     1.0    -5.8    -2.8 -9999.9M-9999.9M-9999.9M    2.0 -9999.9M   -2.2    -2.3 
 2012 11    -1.5     3.8     7.3     6.0     4.5     1.0     2.3    -2.8    -7.8    -7.8 -9999.9M   -1.6     0.3     2.0    -2.8     1.0     5.8     2.8     4.8     2.3    -1.8    -1.5     4.5     0.5    -2.3    -3.5    -5.5     0.0     3.0     5.3 -9999.9M
 2012 12     6.8     1.8     2.5     6.3    -0.5    -4.0    -5.2    -9.0    -5.3     0.3    -2.0    -4.2    -4.3    -5.5    -7.3    -5.3    -6.0    -9.5     0.8    -8.0   -10.9   -13.3   -14.3   -14.0    -9.0    -9.5    -8.5    -9.3    -3.8    -4.0    -8.6 
 2013  1    -8.3   -14.8   -13.0    -9.0    -8.8    -5.0    -3.3    -9.0    -7.7    -8.5   -15.5   -16.8   -13.5    -6.8    -9.0    -5.3    -2.3    -0.3    -3.8    -4.8    -7.8   -10.8    -3.0    -1.5    -1.0    -2.5    -4.8    -6.0    -5.5    -1.8     0.0 
 2013  2     3.3    -0.8    -1.3     1.0     1.5     1.0     0.8    -2.0     1.8    -3.0    -2.5     1.0    -1.4    -2.2     2.5     0.0     0.5    -4.3    -2.3    -3.5     0.5     1.8     0.0    -0.3     2.0    -4.0     0.5    -3.3 -9999.9M-9999.9M-9999.9M
 2013  3     2.0     1.5    -0.3     0.5    -3.3    -1.5    -3.8     1.3    -0.8     1.3    -4.3     0.5     7.0 -9999.9M    2.4     2.0    -1.3    -1.5    -3.8     4.5    -2.3    -4.0    -7.3    -2.5     4.8 -9999.9M    2.8     6.0     4.3     4.8     5.8 
 2013  4     6.8     5.8     4.8     5.0     6.5     4.0     4.3     1.0 -9999.9M-9999.9M-9999.9M    2.9     0.7     3.8     1.5     2.0     3.5     6.3     6.3     3.3     1.0     2.8     6.8     5.3     8.5     5.9     3.8     1.8     4.0     2.3 -9999.9M
 2013  5     4.3     8.5    10.4    10.4    13.0 -9999.9M   12.7    13.0    13.5    14.5    14.5 -9999.9M-9999.9M    8.1     7.0    10.3    10.0    12.8    10.8     8.5    11.0    12.0     9.5     7.3    10.8    11.5    10.0    12.8    13.0    10.5    11.3 
 2013  6     8.3    11.0    12.0    14.3    15.3    12.0    14.3    11.3    12.0    10.5    12.3    13.0    10.0    12.8    12.5    15.0    14.5    14.7 -9999.9M   14.1    14.8    16.3    16.5    14.3 -9999.9M-9999.9M   15.8    15.8    20.8    21.8 -9999.9M
 2013  7    22.5    21.5    17.3    15.0    13.0    13.3    15.0    16.0    17.0    15.8    11.0    10.8    12.0    12.0    13.0    15.8    18.0    20.3    18.3    18.0    16.9    17.8    17.8    19.3    18.8    17.3    14.3    14.0    13.5    15.5    17.3 
 2013  8    18.3    19.0    19.8    18.8    19.5    16.5    18.0    19.3    21.0    18.5    20.5    20.5    20.3    13.0    18.8    18.5    16.3    14.5    15.5    12.5    12.8    17.3    16.5    15.5    15.8    13.5    17.3    16.3    15.0    15.0    14.8 
 2013  9    16.3    18.8    19.0    18.3    15.8    14.8    18.5    15.0    13.5    13.5    16.8    18.8    17.5    15.8    18.0    13.5     9.3     9.5    16.5    15.5    12.8     6.8     9.5 -9999.9M-9999.9M-9999.9M-9999.9M-9999.9M    8.5    10.3 -9999.9M
 2013 10     5.0     0.8     4.5     8.0     8.0    10.3     6.3     5.0     3.0     4.0     5.5     2.5     3.3     2.3     2.3     6.8     3.5     7.3     9.0     9.0     8.0     5.0     7.8     5.5     3.6     4.3 -9999.9M-9999.9M    3.1     2.3     3.3 
 2013 11     0.5    -1.1    -4.3    -0.8     0.0     0.5    -0.5     1.0     1.0     4.5    -2.3     3.8     1.0     1.0    -5.5    -4.8    -3.5   -14.2   -16.8    -8.0    -3.5 -9999.9M-9999.9M   -3.0    -1.5    -5.5    -2.5    -1.6     1.0    -3.1 -9999.9M
 2013 12     1.5   -12.8   -13.5   -15.0   -17.4   -23.5   -23.3   -14.5    -9.0    -4.5    -1.5    -0.8     0.0    -2.4    -1.3    -3.0    -6.0    -9.2    -9.0    -6.3    -5.1    -2.8    -6.8    -2.9    -2.8    -0.8     0.0    -1.3    -1.0    -1.5    -2.5 
 2014  1    -5.5    -3.2    -2.3   -10.3 -9999.9M  -16.0 -9999.9M-9999.9M   -4.3    -1.0    -0.3    -2.8     1.5    -0.8    -1.8    -4.3    -6.0    -8.8    -8.3   -10.5    -4.0     0.8     0.3    -1.0    -2.8    -2.7    -5.0    -6.3    -2.8   -12.3   -15.8 
 2014  2   -15.0   -14.3   -13.8   -18.3   -23.0   -20.0   -20.3   -23.0   -22.5 -9999.9M-9999.9M-9999.9M-9999.9M   -5.3    -1.3     0.3     0.3    -5.8    -3.5    -1.8    -5.8    -6.3   -15.3   -18.5   -18.8   -11.5    -5.8   -11.8 -9999.9M-9999.9M-9999.9M
 2014  3   -19.0   -12.5   -15.0   -14.8   -18.0    -9.3     0.0     4.0     4.0    -0.9    -2.8     1.8    -0.8     4.8     0.5     3.0     2.4    -1.7    -2.3    -3.5    -3.5    -4.0    -4.9    -2.5     1.5    -4.0    -4.5 -9999.9M   -2.2     1.0    -0.3 
 2014  4    -0.8     0.3     2.8     4.3     4.0     4.5     5.8     8.5     2.8     2.5     5.5     2.7     0.8     6.8     5.0     4.5 -9999.9M    3.2     2.5     6.8     6.5     4.3     5.3     4.5     5.8     4.8     3.3     6.8     7.5    12.0 -9999.9M
 2014  5    12.5    11.5     2.5     4.5     6.3     5.5     6.0     7.8     7.8    10.8     7.0     9.8    12.0    14.8    13.8    14.3    10.5     9.5     9.3    12.3    12.0    14.0    14.0    11.8    11.0    10.0    10.8    10.3    11.7    11.1    11.8 
 2014  6    12.5    14.3    14.0     6.4     6.3     9.3    13.3    12.8 -9999.9M-9999.9M   13.2    11.3    14.3    12.0    10.0     7.8    14.3    15.3    13.3 -9999.9M   11.8    13.8    15.3    15.3    13.8    14.3    15.5    14.0    13.8 -9999.9M-9999.9M
 2014  7 -9999.9M-9999.9M-9999.9M-9999.9M-9999.9M   14.0    17.8    19.0    19.0    10.5    17.3    19.0    21.5 -9999.9M-9999.9M-9999.9M-9999.9M   12.8    17.3    13.8    15.5    22.0    19.5    12.0    15.0    15.8    17.3    18.3    18.8    17.8    18.0 
 2014  8    18.3    16.8    20.0    19.8    19.8    17.5    17.0    14.3    15.0    17.0    19.3    18.3    20.5    22.8    21.0    18.3    19.5    14.5 -9999.9M-9999.9M-9999.9M-9999.9M-9999.9M   13.8    11.8    19.5    15.8 -9999.9M-9999.9M-9999.9M   10.7 
 2014  9    10.2    10.8    10.3    11.0     8.2    10.4    11.0     7.8     4.3     5.0     6.3    11.5     7.0 -9999.9M   14.5    10.3     9.3    15.5    12.8    13.2    13.8    11.3    15.0    11.0     9.3    10.8     7.5     8.8     8.8     6.2 -9999.9M
 2014 10     5.5 -9999.9M    6.7     9.8    10.5    12.2     9.2     8.0    11.0     8.8     4.5     7.3     9.0    10.0     3.3     5.8    10.8    14.5    15.3    11.5     7.8     6.5     4.3     2.3     2.4     2.0 -9999.9M-9999.9M    5.5     8.0     6.8 
 2014 11     1.0     3.3 -9999.9M-9999.9M    3.3     2.3     3.5     3.5    -2.5    -8.8   -10.0   -10.0   -10.0   -11.8    -8.5   -11.5    -8.3    -4.5     0.8    -2.3     1.5     0.5     0.0    -2.0    -1.3    -4.3   -17.5   -19.7   -22.5   -13.5 -9999.9M
 2014 12    -7.3   -14.7   -10.8    -6.8    -4.8    -2.8     0.5     3.0     9.3     6.5     1.8    -0.8    -1.5    -3.6    -2.0 -9999.9M    1.6     3.8     3.0     0.3     0.2     1.5    -2.8    -2.0    -2.3    -3.5    -4.0    -5.0   -17.0   -16.0   -11.0 
 2015  1    -5.8    -2.0   -14.8   -14.3   -11.8    -9.8    -5.8    -5.3    -5.8    -3.8    -2.0    -2.8    -5.0 -9999.9M   -1.1    -1.5    -2.0     0.8     0.0    -7.5    -3.0     0.8    -0.3 -9999.9M   -1.2     0.3     1.5    -5.5    -5.3    -3.8    -8.3 
 2015  2    -5.5    -2.3    -7.8    -6.8     0.0     3.8     2.3     6.3     0.0    -0.5     1.0     2.8     3.3     1.8 -9999.9M   -2.4     0.8    -0.3     2.3     0.5    -0.8    -1.3     3.0 -9999.9M   -4.0    -3.0    -1.3    -5.3 -9999.9M-9999.9M-9999.9M
 2015  3    -1.0 -9999.9M-9999.9M-9999.9M-9999.9M-9999.9M    2.8     3.0     6.5     3.8     8.5     7.8     8.5    12.0     0.8    -2.3     2.3     4.3     6.5     4.5 -9999.9M    3.9     4.3     2.7     3.8     6.3     8.3     8.0     9.3     5.8     2.9 
 2015  4     2.8     1.8     2.8 -9999.9M    0.5     0.8     3.0     4.0     2.4     3.6     3.3     1.5     4.8     4.3 -9999.9M-9999.9M    3.2     3.0     6.5     9.5     7.2     2.5     3.8     5.0     5.8     6.3 -9999.9M-9999.9M    5.2     5.5 -9999.9M
 2015  5     7.5     3.8     4.8     6.8     6.5     7.0     7.3     8.3    11.0    13.5    10.5 -9999.9M-9999.9M    5.7     8.0    10.8    10.8    13.3    10.0    14.3    18.3    15.3 -9999.9M   10.4    13.5    15.5    15.0    15.8 -9999.9M   12.0    14.0 
 2015  6    14.3    14.0    16.7 -9999.9M   15.6 -9999.9M   22.3    16.3    14.0 -9999.9M-9999.9M    8.8     9.3    12.5    13.5    11.7 -9999.9M    8.4     8.8    10.3    12.3    14.5 -9999.9M   14.6    14.3    19.0    19.3    20.8 -9999.9M-9999.9M-9999.9M
 2015  7 -9999.9M-9999.9M   18.5    14.8    16.0    18.0    19.0    21.0    20.9 -9999.9M-9999.9M   14.7    17.0    16.3    16.5    11.5    13.3    23.0    21.0    18.5    16.3    16.0    16.3 -9999.9M   11.4    12.0    12.3    17.0    17.5 -9999.9M-9999.9M
 2015  8    16.0    15.0    18.8    15.5    14.8 -9999.9M-9999.9M   12.5    17.8    15.5    17.8    18.3 -9999.9M   14.4    13.5    14.0    13.3    16.8 -9999.9M   10.9    13.5    11.5    13.8    13.3 -9999.9M-9999.9M-9999.9M-9999.9M   12.8    15.3    16.5 
 2015  9    11.3     5.8     5.3     6.8     5.4 -9999.9M    8.5    11.0    15.8    15.5    14.8    14.5 -9999.9M    5.7     6.0     7.8     8.8     7.7    11.0 -9999.9M    7.0     5.0     8.8    11.5    10.1 -9999.9M    7.4     6.8    13.3    11.3 -9999.9M
 2015 10    11.3     8.0     4.0     6.8     7.5     6.7    12.5 -9999.9M-9999.9M-9999.9M-9999.9M    4.5     4.3     4.5     4.5     8.0     9.3     7.8     4.8     4.4     6.8     2.0     1.8     5.8     3.6     0.5 -9999.9M    2.5     3.5     6.5     5.0 
 2015 11     4.8     1.5     1.5     0.7 -9999.9M-9999.9M   -1.8    -1.8    -2.0     0.5    -0.1     1.8    -2.5    -1.3    -3.1    -5.8 -9999.9M   -3.5    -9.3    -6.5    -2.5    -7.8    -2.3   -13.4   -15.8   -12.8   -11.5   -11.0   -10.0    -5.0 -9999.9M
 2015 12    -2.3     1.0     6.3 -9999.9M    3.4     4.0     2.5    -0.5    -1.5    -1.0    -3.5    -2.8     0.5    -3.0 -9999.9M   -3.0    -4.0    -3.0    -0.5    -8.2    -7.8    -7.0    -9.5   -10.8   -10.0 -9999.9M-9999.9M-9999.9M-9999.9M   -9.3   -11.5 
 2016  1   -17.8   -15.7   -15.7   -15.0   -11.3    -8.0    -4.8   -12.3   -12.5    -9.3   -11.3    -8.1 -9999.9M   -5.6    -2.3    -4.5    -2.8    -2.3    -0.5    -0.8    -0.5     1.8 -9999.9M   -2.3    -0.5    -0.8     2.8     6.8    -2.3     0.0    -2.3 
 2016  2    -1.3 -9999.9M   -2.3     0.0     4.5     1.3    -1.9    -1.5    -2.5     1.3     1.0     4.3     2.0     0.3 -9999.9M-9999.9M-9999.9M-9999.9M-9999.9M   -2.0    -0.8     0.8    -1.8    -2.3     1.0     2.5     3.3 -9999.9M    0.8 -9999.9M-9999.9M
 2016  3    -2.0     2.5     5.5     6.8     4.9     4.3     5.5     1.3     1.3     1.9     2.8     2.5     0.5     3.3     2.5    -1.3 -9999.9M-9999.9M-9999.9M-9999.9M-9999.9M    3.0     3.5     4.0     2.3     2.0     3.3     4.3     5.0     7.0     8.3 
 2016  4     9.5     7.5     7.3     7.0     3.0     3.8     6.5    12.3     6.0     6.5     6.0     8.5     6.8     5.8     5.8     6.5    14.0 -9999.9M   11.1    12.8    13.3    12.3    10.3     6.5     7.3     6.8     9.5     6.5    10.3     7.5 -9999.9M
 2016  5    11.3    14.0    14.5    17.2 -9999.9M   12.6    12.0     8.0     6.3 -9999.9M-9999.9M-9999.9M-9999.9M-9999.9M    7.8    11.5    13.0    13.0 -9999.9M-9999.9M    7.8     8.8    13.0    12.3    13.3     9.8    10.3     8.3     8.0     7.5    10.3 
 2016  6    14.3 -9999.9M-9999.9M-9999.9M-9999.9M   18.8    17.8    15.8 -9999.9M-9999.9M-9999.9M-9999.9M-9999.9M-9999.9M-9999.9M-9999.9M-9999.9M-9999.9M-9999.9M-9999.9M-9999.9M-9999.9M-9999.9M-9999.9M-9999.9M-9999.9M-9999.9M-9999.9M-9999.9M-9999.9M-9999.9M
