220B68C, LIVERPOOL BAY       , NWT , station not joined, Homogenized daily mean temperature           , Deg Celcius,          Updated to 2022
220B68C, LIVERPOOL BAY       , NWT , station non jointe, Temperature quotidienne moyenne homogeneisee , Deg Celcius, Mise a jour jusqu a 2022
 Year Mo  Day 01  Day 02  Day 03  Day 04  Day 05  Day 06  Day 07  Day 08  Day 09  Day 10  Day 11  Day 12  Day 13  Day 14  Day 15  Day 16  Day 17  Day 18  Day 19  Day 20  Day 21  Day 22  Day 23  Day 24  Day 25  Day 26  Day 27  Day 28  Day 29  Day 30  Day 31
Annee Mo Jour 01 Jour 02 Jour 03 Jour 04 Jour 05 Jour 06 Jour 07 Jour 08 Jour 09 Jour 10 Jour 11 Jour 12 Jour 13 Jour 14 Jour 15 Jour 16 Jour 17 Jour 18 Jour 19 Jour 20 Jour 21 Jour 22 Jour 23 Jour 24 Jour 25 Jour 26 Jour 27 Jour 28 Jour 29 Jour 30 Jour 31
 1992 12   -17.6   -10.9    -6.5   -14.7   -21.1   -23.1   -24.9   -26.0   -22.0   -23.3   -28.7   -28.3E  -23.4   -27.3   -32.7   -29.9   -32.4E-9999.9M  -30.6   -28.2E  -27.6   -30.5   -28.9   -29.9   -31.9   -36.3   -34.8   -27.8   -20.0   -12.4    -9.7 
 1993  1    -9.0   -18.5   -20.2   -20.6   -25.9   -26.7   -14.0    -7.5    -8.0   -16.2   -14.3   -13.5E-9999.9M-9999.9M  -24.2   -30.5   -27.9   -28.2   -35.0   -39.9   -38.4   -34.4   -35.7   -34.7   -34.8   -35.4   -36.7   -34.1   -24.3   -26.0   -32.7 
 1993  2   -30.8   -33.6   -32.7   -36.7E-9999.9M  -26.2   -18.5   -19.1   -18.7   -15.2   -21.5   -24.1   -23.3   -24.3   -15.6    -7.9    -9.6   -19.0   -17.7   -17.8   -15.6 -9999.9M-9999.9M  -30.7   -32.1   -31.1   -23.8   -20.9 -9999.9M-9999.9M-9999.9M
 1993  3   -19.4   -20.8   -27.7   -23.9   -18.0   -19.9   -19.9   -21.6   -21.5   -20.7   -24.1   -25.9   -23.1   -24.1   -25.6   -17.9   -23.9   -17.9   -17.9   -22.8   -14.4   -14.2   -16.7   -16.3   -19.4   -22.7   -23.7   -23.6   -14.6   -12.7   -20.0 
 1993  4   -24.5   -23.4   -23.3   -22.9   -21.9   -19.8   -23.7   -19.9E  -20.4   -14.1    -8.7    -7.7    -7.8   -10.1    -9.8    -7.5    -8.0   -10.4    -6.1    -8.4   -27.9   -16.4   -16.0   -14.7   -15.2   -15.0   -16.7   -15.7   -15.0   -11.4 -9999.9M
 1993  5   -11.6E  -15.0   -16.4   -14.0   -12.3    -6.3    -4.9    -8.5    -7.8    -5.7    -3.4    -0.8    -1.3    -3.7    -0.6    -1.0    -1.8E   -1.6    -2.3    -5.2    -4.7    -4.9    -2.8    -1.6    -0.3     2.8     3.1E-9999.9M    2.1     0.0     5.4 
 1993  6     5.1     4.4     4.4     5.1     1.3     1.7     2.3     7.8     5.3E    5.5     2.0     1.6     0.9     3.5     5.3     8.9     6.3     5.0E    4.7E    1.6     2.1     3.2     7.7     9.9     5.5     4.4    11.1    10.9     9.2    14.3 -9999.9M
 1993  7    12.2    15.6    18.2    15.5    12.8    10.7    10.1E   12.2    11.8     9.8    13.0    10.0     7.0     9.7    10.2     9.5    11.5     9.7     7.6     7.2     9.1    11.8    10.4    16.2     7.3     4.8     9.6 -9999.9M-9999.9M-9999.9M-9999.9M
 1993  8 -9999.9M-9999.9M-9999.9M-9999.9M-9999.9M-9999.9M-9999.9M-9999.9M-9999.9M-9999.9M-9999.9M-9999.9M-9999.9M-9999.9M-9999.9M-9999.9M-9999.9M-9999.9M-9999.9M-9999.9M-9999.9M-9999.9M-9999.9M-9999.9M-9999.9M-9999.9M-9999.9M-9999.9M-9999.9M-9999.9M-9999.9M
 1993  9 -9999.9M-9999.9M-9999.9M-9999.9M-9999.9M-9999.9M-9999.9M-9999.9M-9999.9M-9999.9M-9999.9M-9999.9M-9999.9M-9999.9M-9999.9M-9999.9M-9999.9M-9999.9M-9999.9M-9999.9M-9999.9M-9999.9M-9999.9M-9999.9M-9999.9M-9999.9M-9999.9M-9999.9M-9999.9M-9999.9M-9999.9M
 1993 10 -9999.9M-9999.9M-9999.9M-9999.9M-9999.9M-9999.9M-9999.9M-9999.9M-9999.9M-9999.9M-9999.9M-9999.9M-9999.9M-9999.9M-9999.9M-9999.9M-9999.9M-9999.9M-9999.9M-9999.9M-9999.9M-9999.9M-9999.9M-9999.9M-9999.9M-9999.9M-9999.9M-9999.9M-9999.9M-9999.9M-9999.9M
 1993 11 -9999.9M-9999.9M-9999.9M-9999.9M-9999.9M-9999.9M-9999.9M-9999.9M-9999.9M-9999.9M-9999.9M-9999.9M-9999.9M-9999.9M-9999.9M-9999.9M-9999.9M-9999.9M-9999.9M-9999.9M-9999.9M-9999.9M-9999.9M-9999.9M-9999.9M-9999.9M-9999.9M-9999.9M-9999.9M-9999.9M-9999.9M
 1993 12 -9999.9M-9999.9M-9999.9M-9999.9M-9999.9M-9999.9M-9999.9M-9999.9M-9999.9M-9999.9M-9999.9M-9999.9M-9999.9M-9999.9M-9999.9M-9999.9M-9999.9M-9999.9M-9999.9M-9999.9M-9999.9M-9999.9M-9999.9M-9999.9M-9999.9M-9999.9M-9999.9M-9999.9M-9999.9M-9999.9M-9999.9M
 1994  1 -9999.9M-9999.9M-9999.9M-9999.9M-9999.9M-9999.9M-9999.9M-9999.9M-9999.9M-9999.9M-9999.9M-9999.9M-9999.9M-9999.9M-9999.9M-9999.9M-9999.9M-9999.9M-9999.9M-9999.9M-9999.9M-9999.9M-9999.9M-9999.9M-9999.9M-9999.9M-9999.9M-9999.9M-9999.9M-9999.9M-9999.9M
 1994  2 -9999.9M-9999.9M-9999.9M-9999.9M-9999.9M-9999.9M-9999.9M-9999.9M-9999.9M-9999.9M-9999.9M-9999.9M-9999.9M-9999.9M-9999.9M-9999.9M-9999.9M-9999.9M-9999.9M-9999.9M-9999.9M-9999.9M-9999.9M-9999.9M-9999.9M-9999.9M-9999.9M-9999.9M-9999.9M-9999.9M-9999.9M
 1994  3 -9999.9M-9999.9M-9999.9M-9999.9M-9999.9M-9999.9M-9999.9M-9999.9M-9999.9M-9999.9M-9999.9M-9999.9M-9999.9M-9999.9M-9999.9M-9999.9M-9999.9M-9999.9M-9999.9M-9999.9M-9999.9M-9999.9M-9999.9M-9999.9M-9999.9M-9999.9M-9999.9M-9999.9M-9999.9M-9999.9M-9999.9M
 1994  4 -9999.9M-9999.9M-9999.9M-9999.9M-9999.9M-9999.9M-9999.9M-9999.9M-9999.9M-9999.9M-9999.9M-9999.9M-9999.9M-9999.9M-9999.9M-9999.9M-9999.9M-9999.9M-9999.9M-9999.9M-9999.9M-9999.9M-9999.9M-9999.9M-9999.9M-9999.9M-9999.9M-9999.9M-9999.9M-9999.9M-9999.9M
 1994  5 -9999.9M-9999.9M-9999.9M-9999.9M-9999.9M-9999.9M-9999.9M-9999.9M-9999.9M-9999.9M-9999.9M-9999.9M-9999.9M-9999.9M-9999.9M-9999.9M-9999.9M-9999.9M-9999.9M-9999.9M-9999.9M-9999.9M-9999.9M-9999.9M-9999.9M-9999.9M-9999.9M-9999.9M-9999.9M-9999.9M-9999.9M
 1994  6 -9999.9M-9999.9M-9999.9M-9999.9M-9999.9M-9999.9M-9999.9M-9999.9M-9999.9M-9999.9M-9999.9M-9999.9M-9999.9M-9999.9M-9999.9M-9999.9M-9999.9M-9999.9M-9999.9M-9999.9M-9999.9M-9999.9M-9999.9M-9999.9M-9999.9M-9999.9M-9999.9M-9999.9M-9999.9M-9999.9M-9999.9M
 1994  7 -9999.9M-9999.9M-9999.9M-9999.9M-9999.9M-9999.9M-9999.9M-9999.9M-9999.9M-9999.9M-9999.9M-9999.9M-9999.9M-9999.9M-9999.9M-9999.9M-9999.9M-9999.9M-9999.9M-9999.9M-9999.9M-9999.9M-9999.9M-9999.9M-9999.9M-9999.9M-9999.9M-9999.9M-9999.9M-9999.9M-9999.9M
 1994  8 -9999.9M-9999.9M-9999.9M-9999.9M-9999.9M-9999.9M-9999.9M-9999.9M-9999.9M-9999.9M-9999.9M-9999.9M-9999.9M-9999.9M-9999.9M-9999.9M-9999.9M-9999.9M-9999.9M-9999.9M-9999.9M-9999.9M-9999.9M-9999.9M-9999.9M-9999.9M-9999.9M-9999.9M-9999.9M-9999.9M-9999.9M
 1994  9 -9999.9M-9999.9M-9999.9M-9999.9M-9999.9M-9999.9M-9999.9M-9999.9M   -2.2E-9999.9M   -0.4 -9999.9M-9999.9M-9999.9M-9999.9M   -3.0    -5.0    -4.9    -1.5 -9999.9M-9999.9M   -0.1     0.6E-9999.9M-9999.9M-9999.9M-9999.9M-9999.9M-9999.9M-9999.9M-9999.9M
 1994 10 -9999.9M-9999.9M-9999.9M-9999.9M-9999.9M-9999.9M-9999.9M-9999.9M-9999.9M-9999.9M-9999.9M-9999.9M-9999.9M-9999.9M-9999.9M-9999.9M-9999.9M-9999.9M-9999.9M-9999.9M-9999.9M-9999.9M-9999.9M-9999.9M-9999.9M-9999.9M-9999.9M-9999.9M-9999.9M-9999.9M-9999.9M
 1994 11 -9999.9M-9999.9M-9999.9M-9999.9M-9999.9M-9999.9M-9999.9M-9999.9M-9999.9M-9999.9M-9999.9M-9999.9M-9999.9M-9999.9M-9999.9M-9999.9M-9999.9M-9999.9M-9999.9M-9999.9M-9999.9M-9999.9M-9999.9M-9999.9M-9999.9M-9999.9M-9999.9M-9999.9M-9999.9M-9999.9M-9999.9M
 1994 12 -9999.9M-9999.9M-9999.9M-9999.9M-9999.9M-9999.9M-9999.9M-9999.9M-9999.9M-9999.9M-9999.9M-9999.9M-9999.9M-9999.9M-9999.9M-9999.9M-9999.9M-9999.9M-9999.9M-9999.9M-9999.9M-9999.9M-9999.9M-9999.9M-9999.9M-9999.9M-9999.9M-9999.9M-9999.9M-9999.9M-9999.9M
 1995  1 -9999.9M-9999.9M-9999.9M-9999.9M-9999.9M-9999.9M-9999.9M-9999.9M-9999.9M-9999.9M-9999.9M-9999.9M-9999.9M-9999.9M-9999.9M-9999.9M-9999.9M-9999.9M-9999.9M-9999.9M-9999.9M-9999.9M-9999.9M-9999.9M-9999.9M-9999.9M-9999.9M-9999.9M-9999.9M-9999.9M-9999.9M
 1995  2 -9999.9M-9999.9M-9999.9M-9999.9M-9999.9M-9999.9M-9999.9M-9999.9M  -25.2   -26.7   -26.0   -17.3   -20.8   -23.3   -22.3   -17.1   -27.7   -34.0   -33.9   -34.8   -37.3   -35.5   -35.6   -32.2   -30.7   -34.6   -33.2   -27.3 -9999.9M-9999.9M-9999.9M
 1995  3   -32.3   -34.0   -33.6   -27.4   -30.5   -25.2   -24.9   -18.9   -24.0   -35.4   -40.8   -41.1   -39.7   -37.7   -35.2   -33.8   -25.6   -24.5   -25.1   -21.4   -26.6   -32.5   -29.9   -30.8   -30.5   -29.3   -21.3   -19.8   -22.1   -21.8   -22.2 
 1995  4   -19.9   -23.9   -22.5   -22.5   -24.6   -24.2E  -18.1   -18.1   -17.5   -14.0   -14.6   -14.8   -12.4   -11.9E   -7.2    -7.4    -9.4 -9999.9M-9999.9M-9999.9M-9999.9M-9999.9M-9999.9M-9999.9M   -2.8     2.2     3.6     1.8    -3.1     1.3 -9999.9M
 1995  5    -0.3     1.4    -3.2    -2.9    -6.0    -5.4    -3.9     7.5     7.9     1.2     5.5    -1.6     4.0     3.2    -4.9    -5.2    -2.8    -2.9    -4.9    -2.9    -6.2    -7.7E   -4.8E   -3.3     1.9     2.3     5.2     7.9     1.6     1.9     4.4 
 1995  6     2.1     2.5     0.7     3.6    12.6    14.4    13.6    17.8    11.0     5.3     7.6    10.2     4.3    11.4     7.0     3.3    10.7     5.8     6.4     8.3     9.9     2.9    10.6     8.3     4.7     3.7     1.7     2.1     3.1     6.4E-9999.9M
 1995  7     9.5    10.3    12.5    15.4    17.2    13.1     8.3    11.1    14.5    12.2    11.8    14.7    14.5    11.0    12.3    13.1    14.3    11.8    12.1     9.3     6.5     6.7     8.0     6.1     4.4     4.3     4.8     4.7     5.3     9.9     6.4 
 1995  8     5.2     5.6     4.8     4.8     6.9     8.6    12.6    14.8    10.4     9.0    10.4    14.6    10.8     8.3     9.5     9.0     9.3    11.5    10.1     5.1     6.3     9.3     3.5     3.4     2.6     1.5    -0.4     0.9     2.7     1.3     0.7 
 1995  9     0.6     0.7     0.0     0.6     1.6     0.2     0.2     4.1     4.4     8.5     5.3     4.2     4.2     2.4     2.8     1.2     2.2     6.5     8.8     9.4    11.6    15.5    14.3    10.2     4.0     4.4     2.5    -0.9    -0.8    -1.9 -9999.9M
 1995 10    -1.5    -2.4    -4.8    -4.9    -5.1    -3.7    -4.9    -4.4    -4.7    -6.7    -6.3    -7.3    -6.1    -3.9    -5.9    -8.3   -10.6   -11.6    -8.0    -7.6    -8.7   -12.0    -9.8    -5.8    -5.7    -4.8    -6.5   -10.2   -14.8   -12.9    -7.1 
 1995 11    -6.0    -4.5    -5.9   -10.2    -9.9   -11.7   -17.4   -12.7   -17.0   -23.9   -23.4   -19.6   -18.4   -19.3   -18.8   -21.0   -15.4   -16.3   -20.7   -23.6   -27.3   -28.1   -29.2   -29.5   -25.9   -23.2   -19.8   -11.0   -13.7   -19.8 -9999.9M
 1995 12   -23.9   -27.0   -27.3   -28.5   -27.6   -29.4   -23.9   -29.2   -31.0   -28.7   -26.6   -29.1   -30.2   -35.3   -35.4   -36.4   -37.3   -35.4   -33.6   -28.6   -24.8   -26.8   -27.5   -27.8   -26.5   -22.7   -18.4   -21.5   -26.6   -30.1   -28.4 
 1996  1   -22.8   -24.6   -20.1   -16.5   -20.3   -23.8   -28.6   -35.5   -37.2   -35.8   -34.5   -27.5   -25.1   -24.1   -31.0   -37.8   -36.0   -30.3   -25.4   -20.7   -26.4   -27.8   -27.9   -27.2   -30.4   -34.6   -34.0   -26.9   -22.5   -15.8   -15.8 
 1996  2   -16.3   -25.2   -28.3   -33.6   -30.1   -23.7   -25.8   -25.0   -26.7   -26.1   -25.1   -30.5   -30.4   -27.5   -24.8   -23.3   -20.9   -20.5   -18.4   -27.8   -32.4   -34.4   -36.9   -30.9   -21.5   -12.4   -11.4   -14.5   -22.2 -9999.9M-9999.9M
 1996  3   -21.7   -25.7   -24.6   -20.2   -23.3   -18.6   -16.0   -18.1   -21.9   -30.5E  -29.6   -27.6   -28.3   -27.2   -25.7   -31.3   -34.9   -32.1   -32.1   -26.8   -22.2   -19.2 -9999.9M  -13.9   -12.9   -14.6E   -9.5   -14.5E  -17.9   -19.1   -23.6 
 1996  4   -26.7   -24.6   -24.9   -22.5   -13.6   -13.4   -13.5   -14.9E  -19.9   -21.0   -19.3   -20.3E  -20.4E  -20.5E  -20.3   -16.3   -18.4   -19.6   -17.3   -17.9   -10.8   -13.6   -16.6   -19.1   -17.0   -15.8   -17.1    -8.6    -9.1   -11.1 -9999.9M
 1996  5    -7.4   -11.4   -17.4   -16.3   -16.7   -15.7   -15.1    -9.3 -9999.9M   -2.6    -0.3    -3.1    -4.2    -6.7    -6.8    -8.0E   -9.7    -9.6    -7.1    -3.7    -2.0    -0.2     1.7     5.8    11.1     1.8    -0.4     0.5    -0.1     0.3     3.9 
 1996  6     4.4     5.2     2.9E   -1.6    -0.5     5.6     5.6     3.7     3.3     2.9     2.7     3.1     3.2    11.2     5.5    14.6    16.0     7.3     7.5    12.5    12.7    11.5     9.8     2.6     9.5     5.8     5.0     9.1     3.7     4.9 -9999.9M
 1996  7     3.6     5.1     4.9     7.6    10.8    18.0    14.9     8.8     1.5     2.8     5.2    11.2    12.6    12.4     9.5    12.2    11.7     9.6    14.0     9.6     9.2     7.8     9.3E-9999.9M   19.2    17.8    12.4     8.8     7.8     7.2     7.0 
 1996  8     8.8    13.5     9.3     5.5     6.5     5.1     5.8     5.9E    3.0     1.4     2.4     8.0    13.1     9.6     3.8     9.7     3.3     0.8 -9999.9M   -1.0     0.6    -2.0     1.3     7.1    10.0     4.3     0.0     3.0     5.9     6.5     4.4 
 1996  9     1.9    -2.0    -1.6    -2.7    -3.4     1.7     0.3    -3.2    -1.1    -1.6    -1.8    -0.3    -0.9    -0.1     1.1    -0.8     2.6     3.8    -1.9    -2.5    -2.9    -2.0    -0.1    -0.7     0.2    -3.9    -9.7   -10.3    -9.6    -6.0 -9999.9M
 1996 10    -7.7   -12.8    -8.0    -6.6    -5.3   -12.6   -16.0   -14.0   -12.4E   -7.6    -9.9   -11.7    -7.8    -9.7   -13.4   -15.8   -12.4    -6.7    -6.7    -9.9   -12.8   -20.9   -26.3   -26.7   -32.1E  -31.0   -30.4   -27.6E  -19.6E   -9.5    -9.2 
 1996 11   -16.0   -21.7   -24.4   -20.6   -20.3   -21.3   -16.0   -20.2   -20.9   -21.1   -15.1   -10.9   -12.7   -19.4   -20.6   -15.9   -12.9   -16.8   -21.7   -20.9   -19.9   -18.7   -20.6   -19.7   -21.7   -18.3   -19.5   -22.4   -25.5   -28.9 -9999.9M
 1996 12   -29.2   -28.5   -23.9   -24.3   -22.8   -24.8   -26.9   -22.6   -20.6E  -19.6   -22.5   -22.1   -23.8   -24.0   -21.2   -25.4   -27.3   -28.0   -28.4   -30.1   -30.8   -24.0   -19.5   -16.3   -20.4   -28.5   -31.1   -25.4   -23.9   -30.9   -31.2 
 1997  1   -31.0   -35.2   -38.0   -37.2E  -36.1   -33.5   -34.1   -36.7   -34.3   -24.0   -14.9   -14.8   -21.0   -20.3E  -18.3   -19.1   -22.1   -23.1   -30.9   -34.2   -34.8   -36.7   -35.1   -24.8   -26.0   -28.9   -27.7   -27.8   -28.0   -24.1   -18.7 
 1997  2   -19.9   -21.5   -27.8   -22.9   -17.1   -16.6   -17.7   -21.3   -24.0   -28.6   -24.5   -26.1   -29.8   -33.2   -33.2   -30.7   -33.3   -31.7   -29.5   -29.0   -27.8   -25.3   -23.5   -27.3   -25.6   -30.8   -36.1   -39.6 -9999.9M-9999.9M-9999.9M
 1997  3   -36.5   -33.5   -30.9E  -30.2   -33.6   -25.5   -26.3   -32.1   -32.5   -28.4   -24.5   -17.5    -7.7   -15.0   -22.7   -25.5   -28.1   -26.5   -23.4   -19.1   -22.5   -23.1   -28.0   -29.5   -25.4   -31.1   -32.1   -27.8   -25.8   -30.6   -30.0 
 1997  4   -31.0   -31.9   -31.1   -30.3   -20.1   -12.5   -10.6    -6.1    -7.3    -7.0   -14.1   -19.8   -18.8   -18.0   -20.2   -16.8   -21.6   -21.4   -25.2   -20.6   -19.0   -15.9   -12.5    -9.4    -9.5    -7.1    -4.3    -5.0    -3.1    -2.0 -9999.9M
 1997  5    -4.7    -6.8    -8.4    -8.3   -10.2E  -14.9   -15.6   -13.9   -13.5   -14.4    -9.9   -11.8   -10.6    -6.7    -6.6    -7.7    -4.5    -0.2     0.2     5.6     0.4    -4.6    -6.6    -5.2E   -9.0    -5.3    -0.5    -1.2    -0.2    -3.4    -4.8 
 1997  6    -2.5    -2.5    -0.4     0.0     3.6     4.4     5.6    10.0    13.3     2.8     3.9    11.7    11.4    12.8    12.5    12.4    13.5    11.3     7.6     4.8     4.2     4.3     6.8     8.4     4.8     2.3     3.7     7.3     6.8    13.1 -9999.9M
 1997  7    15.5     6.4     5.1     7.8     6.4     3.1     2.6     3.5     4.5    10.9    18.0    10.5     7.1     8.8     6.9     6.0     9.9    14.3    12.8    11.0    10.6    14.0    17.6    14.5 -9999.9M-9999.9M-9999.9M-9999.9M    6.7     8.3    10.0 
 1997  8    16.4    12.7    14.0    13.5E   11.3    12.1     7.4     6.6    10.1    10.2    14.6    15.7    14.6E-9999.9M   12.3    12.3    10.3     8.8E    6.5E    5.9     7.9     6.1     5.1     4.9E    6.2E    6.3E    9.1     7.0     6.8E    3.8     6.8 
 1997  9     7.3     5.8     8.5     7.6     4.8E    3.8E    3.6     2.5     3.7E-9999.9M    3.1     1.9     5.2     5.4E    5.1E    4.5     4.8     5.1     4.8     1.8     2.3     0.6     2.6     4.8     3.4E    1.2     0.5E    1.1    -2.3    -4.5 -9999.9M
 1997 10    -4.3    -1.8    -2.0    -2.7    -5.1    -8.1    -9.5    -8.3    -6.3    -5.5    -6.2    -7.2    -9.9   -10.8   -10.3   -10.7    -8.9    -8.5   -10.3   -11.7   -10.9    -9.8E   -9.4   -12.0    -7.1    -9.0E  -13.4   -15.1   -11.9    -9.1   -10.8 
 1997 11   -11.1   -13.5 -9999.9M  -10.0   -10.2   -10.4    -8.4    -9.9    -7.3    -4.3    -2.3    -2.1    -7.5    -7.4E-9999.9M  -15.9   -20.1   -21.0   -20.9   -23.1   -20.7   -17.8   -13.9   -13.3   -18.3   -23.8   -23.2   -23.0   -21.4   -23.9 -9999.9M
 1997 12   -19.9   -18.1E  -21.0   -16.2   -15.0   -11.9   -16.3   -16.0   -14.8   -18.2   -23.3   -22.2   -23.3   -20.0   -24.4   -25.7   -23.1   -26.0   -29.3   -26.9   -28.7   -30.6   -35.0   -33.3   -29.2   -23.4   -28.1   -32.1   -30.3   -32.8   -37.6 
 1998  1   -38.0   -34.1   -32.6E  -28.5   -26.7   -30.0   -32.3   -30.7E  -31.1E  -29.9   -27.0   -31.0   -30.6   -37.1E  -36.9   -36.6   -36.5   -35.5   -33.9E  -34.3   -34.5   -34.0   -28.8   -26.2   -23.1   -22.3   -23.9   -25.8   -25.5   -23.9   -16.7 
 1998  2   -17.3   -16.1   -16.2   -17.6   -17.2   -22.3E  -23.3   -33.3   -36.9   -36.2   -30.8   -24.3   -25.9   -28.8   -30.7   -31.0   -30.7   -35.4   -36.7   -29.6   -23.0   -20.2   -18.5   -19.1   -20.1   -17.0   -14.9   -19.1 -9999.9M-9999.9M-9999.9M
 1998  3   -19.6   -19.7   -20.9   -24.0   -25.1   -26.5   -25.7   -21.0   -20.9E-9999.9M  -23.3   -21.4   -18.3   -19.6   -23.2   -20.7   -14.7   -10.8    -8.4    -8.6   -12.7   -11.1   -14.0   -15.4   -19.3   -20.4   -21.1   -19.9E  -14.3   -18.7   -20.8 
 1998  4   -17.5   -14.2    -7.3    -5.0    -4.3    -8.1    -9.2   -10.9   -11.8    -6.1   -11.0   -12.9    -8.2    -8.9    -0.7    -0.5     2.3     3.2     1.0    -3.0    -3.9    -3.6    -4.6    -9.2   -14.5   -15.4   -15.9   -11.5    -1.8    -1.9 -9999.9M
 1998  5    -6.2    -0.6    -3.9   -10.6   -11.8    -9.8    -5.3E   -5.7    -4.6E-9999.9M-9999.9M    0.2    -1.5    -2.3    -1.1    -2.8     2.8     0.5    -1.5    -1.3    -1.2     2.6     4.6     4.2     1.0     1.6     7.6    12.7     8.3     1.7     2.3 
 1998  6     4.3     4.7     1.4     1.9     2.0     7.6     2.8     5.0    11.8     1.7     1.8     1.4     3.6     7.1     4.4     4.5     3.8     6.8    10.0     6.7     7.7     6.5     7.8     4.4     5.0    14.3    13.3     9.8     9.2    13.3E-9999.9M
 1998  7    17.7    20.2    18.6    12.4    13.7    19.0    16.1     9.8     9.4     9.5     9.3     8.5     6.9    12.7    17.1    18.2    19.6    18.4    14.6    12.1    12.3    12.0    11.3     9.3     5.8     5.0     9.0    13.4    14.1    13.2    13.2 
 1998  8    10.7    19.0    17.7    11.7    14.1    10.1    11.5    15.8    14.3    13.1    10.4    11.0    11.4    13.3    13.6     9.9     8.8     6.1     9.0    13.8    13.4    12.2     9.1     9.8    13.1    12.3    12.0    12.5    11.2     7.8 -9999.9M
 1998  9 -9999.9M-9999.9M-9999.9M-9999.9M-9999.9M-9999.9M-9999.9M-9999.9M-9999.9M-9999.9M-9999.9M    0.5     0.6     0.1     1.0     3.5     6.2     8.6     8.6     9.1     5.8     3.2     3.7     3.7     2.5     4.0E    3.9     0.8     0.5     0.3 -9999.9M
 1998 10    -1.3    -2.0    -1.7    -1.2    -3.5    -5.2    -5.8    -3.8    -3.1E   -3.8    -2.6    -3.1    -3.1    -0.8    -2.2    -1.4    -1.8    -4.8    -6.0    -6.9    -9.6    -8.8    -9.5    -5.8    -1.7    -3.0    -5.2    -6.2    -9.0   -12.6   -10.1 
 1998 11    -9.0   -10.7    -6.6    -1.5    -0.9    -5.3    -6.0    -5.1    -9.7   -12.7   -12.9   -16.0   -18.6   -19.9   -16.4   -14.9   -19.0   -16.5   -19.6   -17.0   -15.8   -15.0   -17.3   -15.4   -13.1   -12.7   -13.9   -15.7   -13.9   -14.8 -9999.9M
 1998 12   -18.7   -12.3   -15.7   -17.2   -17.6   -18.7   -15.3   -15.1   -17.8   -17.3   -18.9   -16.8   -13.7   -20.4   -25.9   -23.0   -24.9   -23.8   -18.8   -11.9   -20.8   -19.8   -16.2   -15.3   -13.4   -20.5   -23.5   -26.3   -25.9   -24.9   -26.2 
 1999  1   -27.7   -28.8   -26.7   -26.7   -26.1   -23.9   -26.2   -29.8   -28.4   -28.0   -30.0   -32.5   -27.9   -23.7   -20.7   -21.2   -17.0   -19.9   -27.6   -32.1   -36.3   -33.5   -23.5   -11.8   -19.9   -29.8   -34.3   -35.7   -36.1   -34.9   -31.0 
 1999  2   -28.8E-9999.9M-9999.9M-9999.9M-9999.9M-9999.9M-9999.9M-9999.9M-9999.9M-9999.9M-9999.9M-9999.9M-9999.9M-9999.9M-9999.9M-9999.9M-9999.9M-9999.9M-9999.9M-9999.9M-9999.9M-9999.9M-9999.9M-9999.9M-9999.9M-9999.9M-9999.9M-9999.9M-9999.9M-9999.9M-9999.9M
 1999  3 -9999.9M-9999.9M-9999.9M-9999.9M-9999.9M-9999.9M-9999.9M-9999.9M-9999.9M-9999.9M-9999.9M-9999.9M-9999.9M-9999.9M-9999.9M-9999.9M-9999.9M-9999.9M-9999.9M-9999.9M-9999.9M-9999.9M-9999.9M-9999.9M-9999.9M-9999.9M-9999.9M-9999.9M-9999.9M-9999.9M-9999.9M
 1999  4 -9999.9M-9999.9M-9999.9M-9999.9M-9999.9M-9999.9M-9999.9M-9999.9M-9999.9M-9999.9M-9999.9M-9999.9M-9999.9M-9999.9M-9999.9M-9999.9M  -10.7    -7.4    -7.9   -12.6   -12.0   -15.8   -21.1   -22.0   -21.9   -22.1   -21.2   -17.3   -14.3   -10.4 -9999.9M
 1999  5    -8.3E  -11.9   -15.1   -12.7    -8.3   -10.4    -6.5    -4.5     0.6     0.5    -3.1    -2.3    -2.3    -3.6    -6.6    -4.2    -5.8    -7.2    -8.1    -9.0E   -8.0E-9999.9M    4.2    -1.7    -4.2    -4.0    -1.9     5.9     5.5     3.3     0.2 
 1999  6     0.4     1.2E    0.4    -0.4    -0.6     6.2     1.3    -0.7    -0.6     1.2     9.6    15.3    16.3    20.1E-9999.9M-9999.9M-9999.9M-9999.9M-9999.9M-9999.9M-9999.9M    1.6E-9999.9M    7.3     5.8E    7.8     6.6     1.8     3.3     6.0 -9999.9M
 1999  7     4.4     4.0     4.4     7.3     8.2    12.0     5.9     4.6     8.0     7.8E    9.1     6.0     2.6     7.5     8.7    11.1    14.1     9.9     5.7     5.3     7.3     5.0     4.8     2.5     3.0     2.0     4.2     7.1     8.6    10.8    15.3 
 1999  8    14.0    11.1     9.5    12.5    16.0    17.0    15.9    13.2    14.0    14.4    16.8    15.3    13.3    10.4     7.1     7.4     9.2     8.1     4.1     4.6     9.3     9.4     7.0     6.3     6.5     4.8     3.8     1.2     0.5     4.4     2.3 
 1999  9     1.4     4.6     8.3    10.4     5.5     3.5     2.6     1.9    -0.4     1.6     6.0     8.7     1.1    -1.3     1.7     3.2     6.9     9.4     5.3     5.2E-9999.9M    4.8     4.2     1.4    -0.7    -0.9    -2.2    -3.3    -5.1    -4.8 -9999.9M
 1999 10    -5.1    -5.4    -7.7    -6.2E-9999.9M   -7.4    -4.1    -4.1    -5.1    -5.7    -7.8    -8.4    -8.2    -9.1   -12.8   -13.6   -14.6   -10.7    -7.3    -7.5    -8.9    -8.6    -9.5    -6.1   -11.7   -11.8    -8.6   -10.9    -9.6   -14.7   -18.5 
 1999 11   -15.4   -15.7   -24.0   -24.0   -24.7   -23.4   -14.8   -14.8   -16.6   -20.8   -23.1   -25.8 -9999.9M-9999.9M-9999.9M-9999.9M  -20.0   -18.8 -9999.9M-9999.9M-9999.9M-9999.9M-9999.9M  -17.8   -17.1   -18.4   -15.7   -18.6   -19.6   -23.4 -9999.9M
 1999 12   -29.8   -28.0   -20.9   -19.7   -17.5   -19.6   -20.5   -26.5   -29.6   -30.7   -32.4   -31.2   -30.1   -33.4   -37.2   -31.2   -28.3   -33.3   -33.0   -26.5   -17.8   -14.7   -11.1   -21.5   -24.1   -20.4   -20.8   -22.6   -22.8E  -24.1   -22.2 
 2000  1   -22.7   -23.9   -23.1   -23.8   -27.0   -28.6   -30.0   -30.3   -29.1   -27.4   -24.6   -29.0   -35.1   -27.0   -21.3   -24.5   -31.2   -33.4   -30.7   -27.2   -31.5   -25.1   -27.7   -15.7    -8.4   -13.3   -13.2   -17.9   -23.7   -22.7   -18.6 
 2000  2   -22.7   -24.5   -15.0   -18.5   -15.1   -19.0   -25.6   -30.5   -26.1   -26.0   -24.9   -19.3   -29.2   -34.4   -28.0   -24.2   -29.7   -35.8   -35.9   -28.5   -26.0   -28.5   -23.9   -20.6   -26.0   -31.4   -33.0   -33.3   -30.4 -9999.9M-9999.9M
 2000  3   -25.9   -27.3   -29.0   -29.4   -31.9   -33.3   -30.5   -31.5   -33.9   -32.4   -32.0   -29.7   -29.2   -27.5   -27.9   -27.3   -30.0   -30.6   -26.1   -26.3   -29.3   -25.7   -24.6   -25.2   -20.6   -18.1   -14.2   -16.8   -16.9   -13.4   -15.9 
 2000  4   -18.2   -19.7   -24.5   -27.3   -29.0   -26.8   -26.0   -18.1E  -17.7E  -23.1E  -25.2E  -21.4E  -12.0   -16.5   -14.4   -19.2   -16.6   -20.1   -19.6   -14.1   -12.3   -12.3   -10.8   -11.2   -10.8   -12.6   -14.8    -9.6    -5.3    -9.7 -9999.9M
 2000  5    -7.9   -11.3   -11.5   -11.1   -10.4    -8.5    -5.8    -3.0    -5.7    -9.7    -4.9   -10.3   -14.2   -14.1   -11.8    -4.7    -7.7    -7.8   -11.9    -8.6    -9.8    -8.9   -10.3    -9.4   -10.6   -10.7   -12.0   -10.3   -10.0    -7.1    -5.5 
 2000  6    -3.4     0.7    -4.2    -4.3     0.4     5.8     8.5    12.6    14.1    13.1    14.7    12.0    12.2    13.6     6.6     6.7     4.5     4.3     7.9    14.4     8.3     1.6     3.3     8.4     7.7    12.8     6.4     6.3     2.8     2.9 -9999.9M
 2000  7    10.2     6.8     3.6    11.0     8.3     2.1    10.3    15.6    12.1     5.4     2.2     2.3     2.7     4.3     5.8    15.9    20.5    16.6     9.2     5.8     6.7     9.0    15.2    12.4     6.8    12.3    14.0    17.5    12.0    14.4    19.4 
 2000  8    16.3    10.0    17.7    17.9    13.6    11.2     6.6    10.4    10.4    13.1     7.5     0.7     0.8     3.4     2.1     5.5     9.5     7.0     3.9     2.4     2.7     1.4     0.0     1.3     0.8    -0.4     0.0     0.3     0.5     2.5     3.6 
 2000  9     8.4     9.7     8.3     4.0     4.7     4.8     4.6     4.0     1.7     1.9     3.3     3.8     3.0     0.5    -0.8     0.0    -2.1    -1.6     0.8     1.6     2.7     1.2    -4.3    -6.7    -5.2    -2.7    -4.3    -3.8    -5.0    -4.3 -9999.9M
 2000 10    -5.9    -5.6    -5.3    -5.6    -6.1    -4.8    -6.8    -3.4    -3.8    -7.1    -9.1    -9.2    -6.6    -2.2    -3.5    -6.7    -4.4    -5.6    -7.1    -8.0    -8.7    -8.3    -9.9   -13.9   -11.0    -9.5   -11.9   -14.0   -17.3   -18.6   -15.5 
 2000 11   -11.1   -14.3   -17.9   -19.9   -18.3   -21.0   -24.6   -25.2   -27.5   -27.9   -21.7   -20.4   -19.1   -14.1   -13.5   -18.3   -20.0   -20.6   -18.9   -16.6   -11.7    -8.3   -13.2   -16.8   -19.2   -21.1   -19.1   -18.3   -20.2   -25.5 -9999.9M
 2000 12   -26.3   -29.1   -33.0   -33.1   -33.1   -29.7   -28.6   -29.4   -30.7   -30.5   -27.9   -24.1   -20.9   -19.6   -20.9   -25.1   -20.2   -22.2   -26.4   -25.7   -26.2   -19.8   -24.2   -30.9   -30.8   -26.8   -24.6   -24.6   -25.0   -26.1   -30.9 
 2001  1   -31.5   -33.2   -32.9   -32.8   -33.7   -32.7   -30.3   -23.2   -20.4   -25.4   -28.5   -27.1   -23.4   -24.1   -15.9    -8.2   -13.3   -14.4   -15.8   -15.2   -17.4   -20.3   -16.7   -19.4   -23.4   -22.4   -25.4   -27.7   -25.6   -25.3   -28.5 
 2001  2   -26.6   -27.1   -23.4   -23.7   -26.6   -27.6   -22.0   -21.5   -26.6   -23.0   -21.1   -21.7   -15.3   -13.6   -11.8   -16.4   -24.4   -25.1   -21.9   -18.0   -20.9   -27.2   -34.5   -35.8   -32.5   -29.2   -20.1   -17.3 -9999.9M-9999.9M-9999.9M
 2001  3   -23.1   -21.9   -26.4   -23.2   -17.6   -19.9   -23.0   -30.1   -31.7   -32.3   -31.0   -30.1   -31.5   -29.7   -29.0   -34.4   -36.5   -34.3   -33.4   -34.8   -30.3   -25.6   -25.8   -23.1   -23.7   -18.5   -19.8   -22.3   -26.1   -25.2   -19.6 
 2001  4   -24.1   -26.0   -18.1   -14.1   -18.8   -20.0   -14.5    -8.0   -11.4    -6.1    -5.8    -5.6    -9.5   -11.6   -10.3    -7.6   -13.0   -18.7   -19.1   -16.9   -18.3   -10.6   -10.7   -16.2   -15.5   -15.0   -16.6   -18.4   -19.4   -18.0 -9999.9M
 2001  5   -15.3   -11.7    -8.7   -12.0   -15.5   -14.5    -8.8    -5.1    -5.1 -9999.9M-9999.9M-9999.9M   -9.9   -11.3    -9.6    -8.0    -8.0    -6.8    -9.1    -5.0    -6.4    -2.9    -4.0    -5.1 -9999.9M-9999.9M-9999.9M-9999.9M   -5.5    -2.2     0.6 
 2001  6 -9999.9M-9999.9M-9999.9M-9999.9M    5.4 -9999.9M-9999.9M-9999.9M    3.9    10.1     8.7     7.6    13.2    17.0     8.1     1.2     6.4     5.8     0.7     3.1     0.0    -1.3     1.9    -0.8     2.0     4.2     7.3     6.3 -9999.9M-9999.9M-9999.9M
 2001  7 -9999.9M-9999.9M-9999.9M-9999.9M    3.1     2.2     3.0     3.6     4.0     4.6     4.6     4.4     4.8     4.0     5.6    13.6    16.8    17.0    14.9 -9999.9M   18.2    14.7    17.5    13.1     5.9     7.3     9.4    13.9    10.1     4.5     2.7 
 2001  8     5.0    11.2     7.2     8.6     8.9     6.0     8.1     5.7     6.4 -9999.9M-9999.9M-9999.9M-9999.9M-9999.9M-9999.9M-9999.9M    2.1     3.0     5.9     7.4     5.0     8.5     8.4     9.5     6.9     9.3    10.2    13.1    13.4    14.2    11.9 
 2001  9    10.7     4.9     4.5     6.9    12.2     8.4     6.8     5.7     7.9     7.9    10.7    11.0     8.4     4.6     3.6     2.8     0.3     0.9     2.0     3.6     4.5     5.3     4.6     3.2     1.3     1.3    -0.7    -3.7    -3.7    -4.1 -9999.9M
 2001 10    -3.3    -5.3    -5.0    -2.5     0.9    -2.3    -5.1    -6.1    -3.5    -3.6    -2.9    -3.8    -2.7    -4.7    -6.1    -7.5   -10.5    -9.6    -8.9    -7.7    -7.6    -7.5    -6.5   -10.5   -15.3   -15.9   -12.3   -15.3   -13.1    -9.2   -14.1 
 2001 11   -17.1   -11.2   -11.9   -14.0   -19.6   -20.3   -22.5   -19.4   -15.7   -21.7   -18.3   -15.5   -16.8   -12.3   -10.8   -12.7   -13.6   -11.9   -15.9   -14.1    -8.2   -14.5   -23.7   -28.4   -24.6   -20.7   -20.4   -25.8   -21.1   -16.8 -9999.9M
 2001 12   -19.6   -21.6   -22.0   -25.1   -25.7   -21.5   -15.9   -17.0   -17.2   -22.8   -27.6   -28.5   -30.0   -30.0   -25.2   -23.2   -25.4   -27.8   -29.6   -31.3   -26.3   -25.2   -17.9   -12.8   -20.7   -17.2   -10.6   -10.4   -15.4   -14.4   -19.4 
 2002  1   -20.8   -16.7   -18.4   -27.3   -32.5   -26.4   -22.2   -22.4   -22.7   -12.1   -12.4   -12.1   -15.3   -20.1   -25.1   -23.2   -24.6   -28.4   -34.1   -38.1   -38.6   -37.7   -33.5   -31.4   -29.9   -30.9   -32.8   -33.7   -30.8   -30.0   -26.0 
 2002  2   -30.3   -34.5   -36.0   -38.7   -34.9   -33.2   -33.7   -36.1   -31.3   -29.1   -30.9   -28.3   -28.4   -27.6   -30.6   -32.2   -32.0   -28.0   -26.8   -25.3   -27.7   -27.7   -22.5   -24.0   -27.6   -29.6   -29.1   -25.0 -9999.9M-9999.9M-9999.9M
 2002  3   -15.1   -15.0   -23.6   -26.3   -25.4   -19.6   -22.0   -24.5   -29.7   -25.5   -26.9   -30.3   -28.1   -25.0   -26.7   -24.9   -25.7   -19.1   -15.7   -15.4   -14.8   -14.7   -12.9   -14.2   -18.8   -27.0   -34.8   -34.5   -32.0   -27.9   -26.8 
 2002  4   -22.9   -19.3   -17.0   -20.1   -13.7   -16.0   -20.1   -17.2   -15.9   -20.2   -21.2   -24.6   -17.4   -10.7   -16.2   -21.5   -20.5    -7.8   -13.6   -20.4   -22.5   -21.4   -21.4   -16.2   -11.3    -7.8    -3.8   -10.0   -18.4   -17.9 -9999.9M
 2002  5   -20.2   -16.6   -17.6   -17.6   -14.7    -6.7    -4.1    -1.3     2.6    -0.4    -5.6    -6.0    -0.6    -2.2    -3.7    -4.0     2.8     1.8    -3.3    -6.8    -3.4     1.5     2.2     1.0     1.5    -5.9    -6.6    -3.6    -0.8     4.8    10.1 
 2002  6     0.6    -0.2     2.4     1.5     1.1     6.6     9.3    12.0    12.2     1.5     0.6     1.1     2.7     6.1     1.1     1.9     3.9     1.9     3.1     5.1     4.0     2.9    13.6     9.0     6.4    12.0    10.9     1.4     2.4     7.7 -9999.9M
 2002  7    14.1     8.8     4.0     2.2     7.7     9.7     8.2     7.0     6.9     7.2     4.3     5.6    14.9     8.6     6.5    10.8    11.5    14.0    13.4    16.0    19.1    19.1     8.5    11.0     7.0     4.2     4.7     1.7     2.9     1.2     1.8 
 2002  8     5.3     5.3    11.2    10.9     6.4     1.5     6.3     7.4     5.4     7.9     9.9     7.4     4.5     3.9     6.2     1.5     1.7     0.3     4.1     1.1     1.6     1.7     3.1     5.7     5.3    10.1    12.4    12.6    11.0     6.0     8.7 
 2002  9     5.1     1.8     4.1     6.5     8.1    11.6    12.7    12.8    11.7     7.2     4.9     8.8    10.2    10.0     8.3     8.6     4.1     1.9     0.6     1.2     1.2    -0.4    -2.6    -4.0    -2.5     0.2     1.4     0.6    -2.0    -1.9 -9999.9M
 2002 10    -0.8    -3.8    -5.3    -3.4    -2.6    -1.8    -3.1    -7.2    -4.5    -8.3    -9.5   -11.0   -10.6   -14.3   -11.9   -10.3   -12.2   -10.4    -3.2    -1.3    -3.5    -6.8    -8.2    -6.0    -4.2    -4.9    -4.3    -3.8    -4.2    -2.4    -6.0 
 2002 11    -7.1    -8.7   -12.1   -17.0   -21.5   -21.4   -20.1   -19.1   -19.0   -19.1   -19.1   -19.3   -17.6   -16.3   -14.2   -11.0   -14.7   -21.6   -20.4   -16.9   -17.1   -17.6   -19.4   -13.9    -7.8   -10.5    -6.8    -7.0    -8.9    -6.7 -9999.9M
 2002 12    -8.2    -8.5   -11.6   -13.3   -19.3   -24.8   -19.1    -8.4    -9.5   -12.4   -12.6   -14.5   -11.3   -14.4   -17.4   -12.4   -13.6   -10.0    -9.4   -12.9   -17.2   -22.2   -18.4   -19.9   -18.0   -18.7   -19.8   -19.2   -26.0   -27.6   -28.6 
 2003  1   -28.7   -30.3   -27.7   -19.0   -18.1   -20.0   -27.3   -34.2   -33.5   -31.0   -28.4   -25.8   -23.3   -25.5   -26.6   -23.7   -19.3   -21.7   -28.0   -27.4   -26.3   -28.5   -32.8   -35.0   -30.5   -30.1   -30.9   -23.4   -26.8   -32.6   -34.2 
 2003  2   -30.0   -25.6   -25.1   -19.9   -20.1   -26.9   -26.7   -21.7   -23.0   -25.1   -27.9   -28.6   -28.5   -30.2   -34.0   -31.9   -32.2   -26.3   -28.7   -32.1   -29.5   -30.7   -28.1   -30.8   -33.3   -33.6   -30.7   -26.6 -9999.9M-9999.9M-9999.9M
 2003  3   -26.6   -30.6   -26.4   -27.0   -24.5   -21.1   -18.5   -22.7   -27.3   -24.5   -23.4   -29.8   -28.4   -30.7   -26.6   -29.3   -22.2   -19.0   -20.8   -21.9   -23.4   -24.1   -25.2   -22.4   -25.7   -27.5   -29.5   -23.9   -24.3   -28.3   -26.3 
 2003  4   -25.1   -20.6   -18.7   -20.4   -19.5   -23.0   -23.7   -26.1   -21.3   -19.3   -20.6   -23.9   -21.4   -12.2    -5.9    -8.7    -9.1   -14.4   -12.1    -5.0    -3.9    -8.1    -5.4    -5.4    -4.8    -3.9    -2.0    -1.5    -4.0    -3.3 -9999.9M
 2003  5    -6.1    -7.9    -9.3   -11.9    -8.4    -7.8    -9.8    -8.7    -5.3    -8.8    -5.3    -7.0    -5.5    -6.0    -8.2    -8.8    -5.8    -1.7    -0.3    -0.2    -0.5    -2.5    -6.2    -6.4    -3.7    -3.4     5.6     7.9     1.0     0.3    -1.1 
 2003  6     3.4     5.3     2.0     1.7     7.8     1.9     2.3     3.5     0.6     0.2    -2.6    -1.2    -2.0     1.7     0.9     1.4     1.3     2.0     1.3     2.7     6.6     3.9     1.3     1.4     5.2     5.2     4.9     7.2     9.8    15.2 -9999.9M
 2003  7    17.4    19.0    16.2     7.6     9.8    16.8    10.5     8.4     6.6     6.5     5.1     9.5     7.0     9.5     8.0     5.4     4.8     8.3     9.2    12.8    13.6    13.2    12.5    11.8    13.3     9.2     7.9     5.5    12.3     7.4     6.3 
 2003  8     4.7     6.2     9.1     7.8     6.3     4.9     4.4     0.8     9.8     5.8     4.9     1.5     3.7     8.8    10.8    10.4     8.2     5.9     2.5     4.1     5.2     8.9     6.6     9.2     4.3     7.2     8.7     4.5     4.0     6.0    11.2 
 2003  9     9.6     8.1     8.1E    8.1E    5.3E    6.0E    7.9E    6.9     2.4     5.5     4.2     2.0    -1.0    -0.5     0.0     0.8    -0.3    -0.2     1.7    -0.3    -2.0    -2.2    -2.8    -3.3    -1.6    -3.2    -1.7     0.1     2.7     3.8 -9999.9M
 2003 10     4.9    11.2     8.2     2.3    -2.5    -3.6    -0.3    -0.4    -1.2    -1.5    -3.5    -2.3    -2.8    -4.7    -6.4    -9.2   -10.3    -9.7    -5.1    -2.9    -1.6    -3.8    -5.5    -5.8    -4.1    -7.4    -7.5    -9.8   -11.4    -6.5    -2.2 
 2003 11    -7.4   -12.3   -14.8   -15.5    -9.3    -2.8    -8.8   -19.0   -20.8   -21.9   -23.6   -24.5   -22.4   -17.8   -18.1   -21.9   -24.3   -24.9   -30.1   -30.6   -22.0   -10.6   -16.6   -19.7   -17.8   -25.1   -27.0   -25.3   -21.9   -21.8 -9999.9M
 2003 12   -19.8   -18.7   -18.6   -25.5   -26.4   -26.5   -25.4   -22.8   -24.8   -27.3   -28.5   -27.8   -29.6   -31.1   -32.5   -32.2   -29.4   -29.3   -25.1   -20.0   -19.8   -18.6   -16.4   -20.9   -20.5   -21.0   -23.6   -26.6   -30.7   -29.3   -27.7 
 2004  1   -29.3   -28.7   -21.1   -13.0   -10.7   -17.3   -23.8   -30.8   -34.1   -30.8   -26.2   -25.3   -29.7   -32.1   -34.8   -36.5   -31.8   -25.1   -25.6   -27.4   -32.7   -33.8   -34.6   -33.1   -35.0   -32.6   -26.4   -24.1   -25.7   -31.1   -35.1 
 2004  2   -35.5   -30.2   -28.1   -28.2   -29.6   -28.0   -27.2   -30.7   -33.5   -30.5   -23.0   -31.4   -33.9   -32.0   -34.6   -31.5   -34.7   -37.9   -34.4   -26.6   -31.1   -32.3   -29.3   -34.2   -30.0   -32.0   -38.0   -36.3   -36.6 -9999.9M-9999.9M
 2004  3   -37.1   -34.3   -32.8   -32.4   -36.0   -39.6   -38.1   -36.4   -33.1   -29.7   -29.2   -33.1   -33.9   -25.2   -20.8   -26.8   -24.8   -28.1   -33.8   -26.6   -20.6   -15.7   -29.3   -34.0   -32.6   -31.3   -31.8   -27.7   -23.4   -20.4   -20.8 
 2004  4   -22.0   -26.9   -21.5   -17.2   -20.5   -13.4   -10.5    -8.6    -6.7    -8.2   -18.7   -23.9   -20.1   -17.5   -20.4   -22.2   -23.2   -20.9   -20.9   -20.6   -22.6   -21.1   -18.7   -18.4   -15.9   -13.2    -9.6   -12.2   -10.5    -9.8 -9999.9M
 2004  5   -13.0   -10.6    -7.4    -9.8   -12.1   -16.2   -17.1   -17.3   -17.0   -13.0    -9.1    -9.7   -11.5   -13.2   -14.6   -12.0   -13.8   -14.1    -8.9    -5.8    -6.2    -4.8     1.5     3.7    -1.1    -6.7    -5.9    -2.7     1.0    -1.0     1.8 
 2004  6     5.4     1.8     1.1     2.4     3.4     2.0     0.7     3.1     0.2     0.3     5.3     8.1     8.0     4.1     2.2     8.0    17.8    13.6     6.6     5.6     6.1     6.6    12.4    17.9    12.9    12.7     5.8    11.7     6.8     1.9 -9999.9M
 2004  7     3.6    11.8    17.3    18.5    13.8     7.9     8.6     4.1     8.1     7.8     8.0    10.0     6.5     4.0    10.2     7.3     7.3     8.8    11.8    15.2    10.6     6.2    12.7     9.9    10.7    10.7    19.4    17.1     6.4     5.8    11.3 
 2004  8     6.2     3.6     4.2     3.4     4.7     9.2    12.9    15.5    13.6    15.0    10.7    10.7    14.9     9.3     9.3     9.1    13.4    10.0    10.1     5.9     6.2     8.8     5.0     1.0     1.0     1.8     2.3     5.5     8.3     2.8     4.9 
 2004  9     9.0     3.7     3.7     2.9     1.6     0.6     2.9     5.5     7.6     2.7    -0.6    -0.4    -2.7    -3.5    -2.3    -4.4    -2.4     0.7     2.3     2.3     0.3     1.3     2.7     1.2     2.4     1.3     3.2    -0.6    -2.4    -5.2 -9999.9M
 2004 10    -5.9    -5.3    -6.0    -1.2    -1.0    -2.3    -3.8    -3.8    -3.7    -5.4   -10.1   -12.3   -12.7   -11.1   -11.7   -11.6   -12.4   -12.3   -12.2    -8.7    -4.4    -6.0    -9.0    -9.4   -10.4   -10.7   -11.4   -11.4   -14.2   -13.0   -15.3 
 2004 11   -19.3   -17.5   -14.1   -11.6   -11.4   -15.8   -19.4   -23.9   -24.9   -23.4   -21.2   -26.1   -22.8   -18.3   -20.5   -24.6   -26.7   -22.0   -20.7   -20.5   -18.0   -16.8   -20.3   -22.4   -21.9   -24.1   -26.3   -31.5   -29.6   -26.5 -9999.9M
 2004 12   -25.3   -29.2   -30.5   -31.7   -32.1   -30.3   -34.0   -34.4   -35.8   -34.1   -30.7   -28.3   -31.9   -34.8   -35.5   -33.6   -36.8   -34.6   -31.7   -30.6   -32.9   -24.8   -14.7   -23.2   -27.3   -16.8   -17.6   -27.1   -26.6   -26.9   -19.7 
 2005  1   -13.3   -18.8   -15.3    -8.1   -10.0   -16.3   -20.9   -14.0   -13.6   -23.9   -24.4   -29.0   -32.3   -28.4   -27.9   -28.9   -34.1   -34.1   -31.0   -27.0   -27.3   -28.3   -28.5   -25.0   -24.2   -25.2   -28.1   -26.1   -20.7   -20.2   -29.8 
 2005  2   -34.6   -29.4   -29.9   -27.1   -28.5   -29.3   -30.2   -31.2   -28.3   -26.5   -25.7   -29.0   -28.7   -28.4   -27.7   -18.4   -22.2   -21.9   -22.4   -24.8   -24.1   -25.4   -26.4   -24.8   -28.0   -28.5   -23.9   -23.2 -9999.9M-9999.9M-9999.9M
 2005  3   -25.1   -31.4   -36.4   -33.2   -23.9   -19.6   -20.1   -24.6   -28.6   -31.0   -26.6   -20.8   -13.4   -12.5   -21.5   -24.8   -23.9   -20.4   -18.3   -20.5   -21.6   -21.2   -19.4   -18.8   -24.3   -24.8   -20.2   -21.1   -22.6   -28.0   -28.0 
 2005  4   -26.7   -22.4   -15.0   -15.8   -14.8   -14.3   -12.8   -17.9   -16.1   -17.4   -22.9   -19.4   -16.2   -17.0   -22.5   -22.1   -23.2   -20.6   -17.2   -16.6   -13.5    -8.2    -2.6    -3.0    -8.9    -8.6    -4.6    -3.4    -1.2    -0.4 -9999.9M
 2005  5    -3.0    -8.4   -10.9   -10.6    -7.0   -11.6   -10.1   -12.0   -10.1    -7.3   -11.7   -10.7    -6.2    -1.5     1.8     0.6     0.3     2.5    -0.1    -3.1    -2.9     1.0     3.5     5.2     2.6     0.9     1.5     1.8     2.4     1.0     0.2 
 2005  6    -0.3     0.8     0.0     2.4     4.7     8.2     7.2     8.5    11.6    14.6     6.7     3.5     1.2     0.9     1.7     2.8     3.2     0.7     2.7     2.0     2.6     1.5     1.3     3.5     2.9     4.7     2.2     8.1     9.3     3.5 -9999.9M
 2005  7     2.8     4.7     5.0     3.3     5.2     9.2     3.9     4.7     7.2    11.0     8.7     6.6     7.2     5.3     6.9     6.0     8.2     5.5     2.7     2.2     2.5     3.6     3.0     4.8     5.7     8.1     7.8     6.6     7.8     8.7     6.4 
 2005  8     6.7     9.7     7.9     6.3    12.6     9.6    10.8     9.8     9.0     8.1     9.0     8.5     5.4     5.7    10.0    10.1     3.5     4.5     5.0     5.0     4.3     4.1     8.1    14.4     8.8     3.6     3.6     3.3     7.5     8.1     1.0 
 2005  9     1.3     5.0     4.7     7.0     2.6     3.1     6.5     3.2     2.7     4.4     2.5     2.9     3.8     3.2     2.1     2.4     3.2     0.9     1.0     1.3    -1.8    -0.9    -1.3    -0.2    -1.4    -2.5    -2.8    -2.7    -3.4    -5.8 -9999.9M
 2005 10    -6.3    -4.9    -7.0    -5.4    -2.8    -2.6    -4.9    -8.5   -10.5    -8.4    -8.6    -6.9    -5.3    -4.2    -5.9    -8.2    -7.9    -6.2    -3.5    -5.3    -2.0     0.2    -1.5    -3.3    -4.1    -4.1    -4.9    -8.2    -9.4    -8.0   -11.1 
 2005 11   -14.3   -14.6   -16.3   -20.2   -22.1   -18.8   -14.2   -13.8   -13.1   -14.4   -19.2   -21.6   -24.6   -24.6   -25.3   -24.3   -29.6   -29.4   -30.8   -32.4   -29.6   -24.6   -16.3   -14.2    -9.6   -14.8   -19.0   -24.2   -24.3   -20.5 -9999.9M
 2005 12   -23.9   -24.3   -28.8   -28.0   -32.1   -33.0   -26.8   -15.8   -17.1   -15.5   -13.3   -18.8   -17.9   -20.3   -18.1   -17.9   -16.0   -13.8   -16.9   -19.9   -21.4   -16.0   -17.9   -16.8   -14.5   -12.3   -15.5   -16.9   -14.8   -14.4   -14.4 
 2006  1   -13.1   -16.6   -15.8   -22.9   -25.0   -25.6   -27.7   -28.6   -26.4   -24.1   -24.6   -24.9   -22.6   -22.8   -24.6   -28.2   -26.2   -21.5   -21.9   -30.0   -34.3   -31.5   -27.9   -26.5   -31.8   -35.1   -38.5   -37.8   -36.6   -32.6   -33.9 
 2006  2   -30.6   -29.5   -29.2   -26.0   -20.1   -15.0   -11.0   -12.1   -16.1   -22.6   -18.9   -14.7   -14.2   -13.6   -13.1    -8.0    -7.2   -11.1    -9.5   -11.1   -15.4   -20.6   -24.5   -24.7   -27.2   -26.9   -27.2   -27.6 -9999.9M-9999.9M-9999.9M
 2006  3   -29.8   -27.8   -22.6   -20.2   -17.4   -21.6   -24.4   -23.3   -23.4   -26.4   -28.2   -29.6   -32.5   -35.2   -36.1   -35.6   -34.4   -28.8   -26.0   -24.1   -19.2   -14.9   -16.7   -21.3   -22.6   -23.6   -24.7   -27.8   -33.3   -27.3   -22.9 
 2006  4   -23.9   -23.1   -21.1   -20.7   -19.1   -18.0   -23.8   -25.4   -21.9   -22.8   -21.7   -17.3   -22.3   -23.1   -20.0   -19.6   -17.3   -15.0   -16.6   -20.5   -17.8   -13.6    -7.4    -8.6    -6.0   -11.5   -13.5   -16.3   -11.7   -12.5 -9999.9M
 2006  5   -12.5   -10.8    -7.9    -3.3    -2.2    -3.9    -4.1    -5.6    -2.2    -1.1    -3.5    -2.6    -2.0     0.8    -1.1    -1.8    -1.9    -0.7     4.5     2.6     0.1    -1.0    -0.9     1.6     0.4     0.8    -2.1     0.9     3.3    -0.1     1.2 
 2006  6    -0.2     5.4     5.3    -1.6    -2.1     5.2    11.7     9.8     4.3    13.2    13.8     9.5     8.8     9.0     5.8     4.8     4.2     9.0     4.4     8.1    11.4     4.3     8.3     4.3     8.6     9.6     7.5     5.0     4.9    10.5 -9999.9M
 2006  7    11.4     7.4     3.6     3.8     0.7     1.8     4.8     4.9     4.4 -9999.9M-9999.9M-9999.9M-9999.9M-9999.9M-9999.9M-9999.9M-9999.9M-9999.9M-9999.9M-9999.9M-9999.9M-9999.9M-9999.9M-9999.9M-9999.9M-9999.9M-9999.9M-9999.9M-9999.9M-9999.9M-9999.9M
 2006  8 -9999.9M-9999.9M-9999.9M-9999.9M-9999.9M-9999.9M-9999.9M-9999.9M-9999.9M-9999.9M-9999.9M-9999.9M-9999.9M-9999.9M-9999.9M-9999.9M-9999.9M-9999.9M-9999.9M-9999.9M-9999.9M-9999.9M-9999.9M-9999.9M-9999.9M-9999.9M-9999.9M-9999.9M-9999.9M-9999.9M-9999.9M
 2006  9 -9999.9M-9999.9M-9999.9M-9999.9M-9999.9M-9999.9M-9999.9M-9999.9M-9999.9M-9999.9M-9999.9M-9999.9M-9999.9M-9999.9M-9999.9M-9999.9M-9999.9M-9999.9M-9999.9M-9999.9M-9999.9M-9999.9M-9999.9M-9999.9M-9999.9M-9999.9M-9999.9M-9999.9M-9999.9M-9999.9M-9999.9M
 2006 10 -9999.9M-9999.9M-9999.9M-9999.9M-9999.9M-9999.9M-9999.9M-9999.9M-9999.9M-9999.9M-9999.9M-9999.9M-9999.9M-9999.9M-9999.9M-9999.9M-9999.9M-9999.9M-9999.9M-9999.9M-9999.9M-9999.9M-9999.9M-9999.9M-9999.9M-9999.9M-9999.9M-9999.9M-9999.9M-9999.9M-9999.9M
 2006 11 -9999.9M-9999.9M-9999.9M-9999.9M-9999.9M-9999.9M-9999.9M-9999.9M-9999.9M-9999.9M-9999.9M-9999.9M-9999.9M-9999.9M-9999.9M-9999.9M-9999.9M-9999.9M-9999.9M-9999.9M-9999.9M-9999.9M-9999.9M-9999.9M-9999.9M-9999.9M-9999.9M-9999.9M-9999.9M-9999.9M-9999.9M
 2006 12 -9999.9M-9999.9M-9999.9M-9999.9M-9999.9M-9999.9M-9999.9M-9999.9M-9999.9M-9999.9M-9999.9M-9999.9M-9999.9M-9999.9M-9999.9M-9999.9M-9999.9M-9999.9M-9999.9M-9999.9M-9999.9M-9999.9M-9999.9M-9999.9M-9999.9M-9999.9M-9999.9M-9999.9M-9999.9M-9999.9M-9999.9M
 2007  1 -9999.9M-9999.9M-9999.9M-9999.9M-9999.9M-9999.9M-9999.9M-9999.9M-9999.9M-9999.9M-9999.9M-9999.9M-9999.9M-9999.9M-9999.9M-9999.9M-9999.9M-9999.9M-9999.9M-9999.9M-9999.9M-9999.9M-9999.9M-9999.9M-9999.9M-9999.9M-9999.9M-9999.9M-9999.9M-9999.9M-9999.9M
 2007  2 -9999.9M-9999.9M  -24.4   -25.3   -23.9   -25.1   -30.2   -27.0   -22.8   -24.3   -28.2   -27.0   -23.5   -23.9   -24.0   -29.8   -33.0   -33.9   -33.8   -35.3   -36.6   -36.1   -38.1   -39.4   -35.3   -27.8   -29.4   -31.7 -9999.9M-9999.9M-9999.9M
 2007  3   -35.5   -32.4   -31.4E  -33.4   -36.0   -35.4   -31.8   -32.6   -34.0   -30.6   -30.7   -29.4   -31.6   -32.4   -31.7   -24.3   -26.9   -27.7   -25.6   -25.2   -25.7   -25.9   -26.6   -27.5   -27.4   -27.0   -21.8   -16.7   -17.5   -17.3   -20.7 
 2007  4   -22.8   -17.5   -15.8   -15.9   -13.6   -10.7    -9.0   -14.9   -12.0   -13.2   -15.2   -12.1   -16.4   -18.7   -11.1    -9.7   -11.1    -8.9    -8.5   -11.1    -9.1   -10.0    -8.1    -6.7   -11.7   -15.2   -17.5   -18.3   -16.2   -15.5 -9999.9M
 2007  5   -14.8   -16.3   -17.7   -15.8    -9.1    -6.3    -7.4    -9.0    -6.4    -5.8    -7.7    -9.4   -13.1   -12.7    -9.7    -9.8    -9.9    -3.2    -7.2    -7.3    -5.3    -0.7     4.6     2.5    -1.7    -1.5     0.3     0.5    -0.1     6.1     2.4 
 2007  6     0.5     2.2    10.1     7.5     9.9     9.9     3.1     3.4     2.3     4.0     3.6E    1.2     3.8     4.5     6.6     5.7     2.5     2.9     2.9     4.9     9.0     9.3     5.3     4.6    10.6     9.3     3.1     4.9     7.5     6.3 -9999.9M
 2007  7     4.8     4.7     5.4     9.6    16.0    11.1     9.3    18.6    19.7    17.0    16.7    13.7    12.9    11.9    12.1    16.5    16.0    16.4    14.0     9.0     6.0     4.5     5.5     6.1    10.9     9.2     7.9    10.4    11.9     8.1     7.0 
 2007  8     8.5     7.8     6.8     8.6     9.9     6.7     5.6     4.5     3.1     5.3     6.7     7.8    12.6    13.6    13.0    13.0     9.3     6.1     6.6     6.9     6.0     8.4    10.2    10.5    10.6     6.4     8.4     6.9     8.3     9.3     4.7 
 2007  9     1.8     2.0     4.9     6.3     6.2     4.5     3.4     4.7     7.2     7.0     7.7     4.4     5.5     4.4 -9999.9M-9999.9M-9999.9M-9999.9M   -0.2     0.7     1.1     0.8    -0.1    -0.3    -1.0    -0.3    -3.2    -4.2    -4.2    -3.3 -9999.9M
 2007 10    -1.5E   -3.6    -6.4    -7.5    -7.6    -7.1    -7.3    -6.7    -8.5    -6.4    -3.9    -5.1    -6.3E   -6.2E   -4.6    -5.4    -5.8    -5.0    -2.3    -3.3    -8.0   -10.6   -13.1   -12.3    -7.7   -12.7   -11.9   -12.1   -11.1   -12.7   -14.6 
 2007 11   -11.4    -8.8   -11.8   -16.1   -16.9   -20.7   -20.1   -16.4   -14.0   -13.7   -12.2   -11.9   -12.6   -15.7   -16.0   -18.1   -17.9   -20.1   -19.2   -19.2   -19.0   -14.2   -20.0   -23.5   -24.4   -22.5   -23.6   -22.8   -20.9   -16.9 -9999.9M
 2007 12   -16.9   -21.2   -25.5   -27.7   -28.7   -25.1   -21.8   -20.9   -26.6   -26.0   -28.6   -25.4   -17.7   -20.4   -23.2   -20.8   -22.5   -23.1   -23.1   -22.4   -25.8   -23.8   -26.1   -23.1   -21.9   -24.6   -23.1   -20.3   -19.9   -20.5   -19.1 
 2008  1   -23.9   -24.1   -22.5   -25.2   -20.7   -22.0   -24.8   -28.8   -28.4   -22.7   -27.2   -32.6   -28.2   -28.4   -33.5   -35.4   -30.8   -24.6   -24.4   -13.9    -9.4    -7.8   -12.2   -24.6   -28.2   -32.5   -33.7   -33.2   -34.8   -34.3   -36.0E
 2008  2 -9999.9M  -35.8   -35.6   -37.0   -35.0   -32.0   -37.5   -37.9   -35.0   -32.8   -27.6   -29.8   -28.7   -25.3   -27.0   -25.1   -19.7   -15.9   -17.0   -16.1   -12.0   -11.3   -13.9   -18.6   -23.2   -26.0   -28.8   -26.8   -33.7 -9999.9M-9999.9M
 2008  3   -34.4   -32.3   -31.4   -26.9   -19.0   -19.4   -26.3   -22.7   -25.0   -25.6   -29.4   -29.2   -28.0   -30.7   -30.3   -32.2 -9999.9M  -33.9   -32.8   -30.7   -31.2   -29.8   -27.8   -27.7   -31.3   -27.7   -25.3   -25.9   -26.3   -23.2   -17.0 
 2008  4   -19.7   -22.4   -14.7   -10.2    -8.3   -12.9   -15.6E  -17.0   -18.7   -17.3   -16.5   -19.9   -12.7   -13.2   -14.6   -19.3   -20.1   -20.8   -11.6    -5.7   -11.5   -16.2   -18.9   -16.5   -16.7   -12.2    -9.9    -6.7    -6.8    -6.4 -9999.9M
 2008  5    -7.1    -6.5    -5.6    -6.9    -8.5    -9.7   -10.9    -7.9    -6.3    -5.0    -5.5    -5.7    -1.2     0.2    -2.0    -3.0    -2.8    -3.9    -2.7    -2.3    -1.4     0.2     4.3    10.1    10.4     3.4    -0.3     3.0    -0.2     2.1    -1.0 
 2008  6     0.3     0.0     6.8     9.8     5.0     6.1     6.6     8.6     6.5     5.2     4.9     3.5     3.1     3.4     2.5     4.5    10.2     5.4     3.4     2.7     9.0    15.8    15.1     9.9     6.9     6.9     5.3     5.3     8.0     8.9 -9999.9M
 2008  7    14.9    13.5    10.2     9.5    11.8    12.7    13.5    13.8    12.4    11.6    10.0    12.1     8.1     8.4     9.8    12.5     7.2     5.0     7.4     8.6     7.2     6.4     8.0     6.6     6.6     9.4    11.0    15.2    17.8    10.1     8.7 
 2008  8     8.0    13.3     9.5     9.1     7.5     4.8     5.6E    6.1     5.6     3.4     3.9     5.4E-9999.9M    7.3     6.4     6.5     3.5     1.8     3.2     3.3     3.7     3.6     5.0     5.6     7.0     6.2     4.4     4.4     1.5     0.5     0.8 
 2008  9     2.7     4.6     6.4     3.8     1.0     1.0     0.4     2.6     1.0    -0.2     1.1     0.7     0.7    -0.8    -0.3    -0.2    -0.1     1.0     2.1     4.6     2.3     1.3     0.6    -0.6    -1.1    -1.3    -1.4    -0.3    -0.3    -2.4 -9999.9M
 2008 10    -2.3    -1.6    -0.6    -1.5    -2.9    -1.7    -2.8    -3.5    -4.7    -2.4    -1.4    -2.0    -5.1    -8.0    -8.2    -9.3    -6.6   -10.3   -13.3   -11.9   -12.4    -8.9    -7.1   -12.4   -11.7   -16.9   -19.3   -20.7   -19.7   -13.1    -8.5 
 2008 11   -12.6   -11.7   -15.5   -17.0   -15.8   -14.8E-9999.9M   -9.9   -16.2   -17.7   -14.1    -9.5   -12.0   -12.3   -13.5   -14.4   -12.7   -15.8   -21.7   -25.3   -22.3   -19.4   -20.8   -18.7   -17.6E-9999.9M  -14.9   -14.5   -12.7   -13.2 -9999.9M
 2008 12   -12.3   -19.3   -26.2   -25.5   -30.2   -27.1   -27.5   -29.5   -32.6   -30.4   -27.8   -22.4   -25.8   -19.5    -9.6   -12.9   -23.9   -26.8   -22.2   -13.9   -19.1   -22.1   -24.2   -22.1   -22.2   -26.9   -24.4   -28.4   -31.8   -31.5   -34.4 
 2009  1   -34.8   -32.6   -26.1   -27.4   -28.1   -31.0   -30.4   -31.6   -29.1   -29.7   -33.7   -32.9   -31.8   -22.7    -8.9    -6.3    -3.6    -4.4   -15.4   -23.5   -30.8   -31.8   -25.4   -20.1   -19.4   -21.5   -28.8   -30.9   -33.4   -33.5   -34.2 
 2009  2   -34.8   -34.4   -32.8   -26.4   -28.0   -28.2   -29.6   -31.2   -32.9   -31.6   -31.9   -27.6   -23.7   -15.8   -14.0   -13.2   -18.2   -26.3   -18.6   -18.0   -28.8   -30.3   -29.7   -26.5   -22.4   -25.6   -25.1   -21.2 -9999.9M-9999.9M-9999.9M
 2009  3   -15.4   -23.2   -27.5   -28.6E  -29.6   -26.2   -33.0   -33.3   -30.5   -30.4   -32.7   -38.0   -38.9   -37.4   -36.2   -35.1   -31.0   -32.3   -34.0   -33.7   -31.4   -31.4   -32.1   -31.5   -26.0   -23.0   -24.8   -29.0   -27.7   -20.2   -22.6 
 2009  4   -24.4   -22.6   -20.1   -21.4   -22.7   -22.7   -21.6   -17.6   -14.8   -16.8   -18.5   -18.8   -16.1   -15.0   -11.8   -16.5   -20.2   -18.6   -18.5   -16.5   -14.8   -15.4   -14.9    -7.0    -7.0    -3.3     1.5     0.5    -1.8     1.7 -9999.9M
 2009  5     1.8    -3.6    -9.9   -12.5   -12.1   -11.7    -8.9    -2.5    -8.2   -11.0   -12.3   -12.5E  -11.8   -10.6   -10.0    -8.3    -5.0     2.4     2.1     3.4    -0.4    -0.1    -3.7     0.8     5.6     8.2     2.9     5.6     2.9     6.9     3.6 
 2009  6     2.6     1.6     1.3     5.8     9.4     4.9     2.4     3.0     1.4     1.8     2.0     1.6     3.8     5.0     4.5     6.0     4.6     4.1     1.5     3.1     2.8     3.2     2.0     2.2     3.8     5.4     1.8     3.8     5.2     4.5 -9999.9M
 2009  7     3.3     5.4     4.1     5.0     5.2     5.6     2.9     2.7     6.1     2.1     3.6     4.4     7.8     3.7     5.7     4.7     3.8     5.3     6.7     3.3     4.9     4.7     5.4     6.3     6.8    10.2    19.1    14.7    17.0    20.3    13.6 
 2009  8    16.9     8.7     8.7     9.5    14.5     4.7     4.5     4.6     5.1     3.4     8.7     8.0     9.4     6.4     9.3     4.7     6.4    10.6     5.5     7.8     8.3    10.0    13.1    12.3    14.5     8.4     3.5     7.1     6.0     4.6     0.4 
 2009  9     4.3     9.1     9.6     4.8     9.8    10.9     3.6     3.4     4.6     6.2     8.2     8.3     7.4     2.6     4.7     7.4     7.1     4.6     1.2    -0.2    -0.2    -0.9    -0.2    -0.6    -2.5    -2.8    -2.4    -4.1    -5.2    -4.7 -9999.9M
 2009 10    -4.6    -4.2    -5.2    -3.0    -2.6    -5.5    -4.7    -4.9    -6.5    -6.2    -5.1    -3.9    -3.0    -1.9    -2.6    -4.3    -4.0    -6.0    -8.4    -9.7   -13.4   -11.3    -7.1    -7.1    -5.8    -7.6    -6.3    -6.0    -7.5    -7.9   -10.2 
 2009 11   -11.4   -14.7   -16.2   -21.0   -18.3   -11.3   -11.7   -13.5   -18.2   -21.6   -22.9   -21.0   -16.4   -18.6   -16.1   -21.5   -24.4   -21.9   -17.9   -17.8   -22.5   -19.1   -19.6   -20.1   -22.1   -17.1   -15.6   -15.1   -19.0   -20.0 -9999.9M
 2009 12   -16.8   -12.5    -9.7   -16.6   -22.2   -17.2   -16.9   -17.9   -18.9   -23.2   -26.8   -30.4   -24.9   -23.2   -28.1   -28.7   -23.2   -17.0   -16.2   -19.5E-9999.9M  -17.6   -19.3   -16.9   -23.3   -25.5   -27.8   -27.8   -27.4   -27.6   -22.6 
 2010  1   -25.1   -23.1   -28.0   -21.8   -25.8   -21.0   -21.4   -24.6   -31.4   -33.6   -37.4   -37.0   -37.8   -34.9   -34.8   -35.0   -34.8   -28.1   -27.8   -27.4   -24.9   -22.9   -28.1   -26.8   -17.4   -16.9   -19.1   -23.4   -26.6   -26.3   -21.4 
 2010  2   -22.1   -26.0   -24.5   -33.1   -33.7   -27.8   -24.0   -25.4   -20.9   -20.9   -19.5   -20.0   -18.1   -18.0   -16.9   -18.5   -18.7   -21.0   -18.0   -23.0   -28.1   -29.5   -27.0   -28.2   -32.4   -29.7   -29.6   -22.8 -9999.9M-9999.9M-9999.9M
 2010  3   -16.1   -16.6   -16.9   -17.7   -19.3   -16.5   -12.0   -17.3   -18.3   -17.8   -17.2   -16.4   -22.1   -23.1   -22.0   -24.6   -28.1   -18.9   -21.2   -28.9   -28.2   -27.5   -25.9   -25.0   -24.1   -23.5   -22.9   -18.0   -20.1   -19.3   -14.5 
 2010  4 -9999.9M-9999.9M-9999.9M-9999.9M-9999.9M-9999.9M  -15.2   -17.7   -21.2   -15.9    -8.7    -4.2    -3.2    -3.6E   -7.1E   -9.5    -5.2    -5.3    -2.0     0.2E    0.0E   -2.1    -2.6    -0.1     0.8     0.8    -0.1    -2.7    -3.3    -6.7 -9999.9M
 2010  5    -7.5    -8.3    -9.2   -10.2   -11.0   -10.5   -10.5    -9.9   -11.3   -11.4   -12.3   -12.5    -7.1E   -4.2    -3.5E   -5.0    -0.9    -1.2    -2.2    -1.6    -3.0    -4.5    -4.5    -5.2    -3.1     3.0    11.5    12.9    10.8     1.6    10.2 
 2010  6     8.7     7.7     0.6     0.1     0.1     0.7     2.6     3.0     7.8    16.3E   13.2     8.0     3.0     0.3     0.0     1.6     3.1     4.4     1.8     1.0     2.4     2.1     3.8     6.9     6.6     8.4     9.1    12.0    15.2    13.8 -9999.9M
 2010  7     9.6     7.7    11.4    11.6    11.9    10.9     7.5     7.1     8.3E    7.5    10.7     6.8     9.4     8.5     6.5     8.7    14.8    11.9     9.2     7.5     9.4    13.6    14.4    14.8    15.1E-9999.9M   14.3    18.7    13.3     8.4    10.3 
 2010  8    10.1    12.7    12.6    12.5    14.1    11.5     8.9     7.6     9.3    11.7     8.8     8.9    13.4     9.5     8.4    11.1E   13.9    13.6     9.8     7.6     6.4     8.5     8.9     9.4     8.3     8.7    11.0    11.4     9.8E    8.8E    9.7 
 2010  9     6.7     5.6     2.9     3.6     4.1     5.8     8.4    10.9     8.8     6.6     5.8     8.2     4.9     0.1    -1.1    -0.6     3.1     2.5     3.4     1.5     0.1    -0.4     0.3    -0.8    -0.6    -0.7    -1.1    -3.4    -3.4    -3.1 -9999.9M
 2010 10    -1.7     0.2    -0.2    -1.3    -1.1    -2.3    -4.1    -4.1    -3.6    -1.7    -1.7    -5.0    -8.0    -8.0    -7.8    -8.5    -9.0    -9.4   -10.7    -6.8    -5.2    -7.5    -7.1    -6.6    -9.1    -7.9    -6.9    -8.3    -9.1    -6.7    -6.7 
 2010 11    -7.4   -10.8   -11.6    -8.9    -7.9   -10.7   -13.3 -9999.9M   -7.9    -9.6   -10.7   -14.6   -14.0   -14.8   -17.1   -14.7   -14.1    -7.3   -12.9   -21.7   -26.9   -24.6   -21.8   -20.0   -12.5   -11.4   -15.1   -19.3   -20.5   -18.0 -9999.9M
 2010 12   -17.5   -24.0   -30.7   -27.0   -23.3   -26.9   -29.7   -30.6   -31.4   -31.6   -33.0   -30.8   -29.5   -26.9   -27.1   -26.6   -21.0   -24.5   -26.5   -16.5   -16.3   -19.1   -20.0   -20.4   -22.2   -29.1   -30.9   -30.3   -31.5   -34.9   -29.4 
 2011  1   -24.5   -25.9   -20.9   -18.2   -23.6   -27.9   -23.1   -16.5   -21.3   -14.8   -23.9   -23.4   -20.7   -26.9   -20.2   -20.8   -22.4   -27.1   -28.8   -32.3   -34.7   -36.4   -34.5   -37.0   -33.8   -28.5   -32.2   -31.6   -29.9   -23.4   -22.1 
 2011  2   -16.4   -15.9   -18.8   -20.0   -21.3   -19.3   -27.7   -27.7   -23.2   -25.6   -28.2   -30.0   -29.9   -28.9   -28.8   -31.0   -30.8   -20.1   -16.9   -23.8   -26.2   -24.8   -22.5   -11.4   -10.4   -23.1   -25.1   -28.7 -9999.9M-9999.9M-9999.9M
 2011  3   -29.9   -25.4   -25.1   -28.6   -24.8   -16.8   -20.6   -28.4   -34.2   -35.8   -28.9   -25.2   -29.0   -29.0   -27.3   -24.5   -27.4   -22.4   -18.5   -17.2   -14.8   -14.0   -12.2    -9.1   -10.0   -14.3   -12.6   -11.3   -16.9   -10.8   -12.8 
 2011  4   -19.0   -18.5   -18.6   -20.7   -16.5   -21.6   -21.7   -21.1   -23.7   -29.3   -28.6   -24.8   -23.9   -22.0E  -15.8   -17.8   -11.5   -10.3   -10.9   -18.4   -18.7   -22.9   -20.9   -16.5   -19.3   -15.5   -15.6   -19.7   -14.4   -15.4 -9999.9M
 2011  5   -14.7   -10.5    -6.4    -6.8   -13.7   -14.8    -9.5    -7.1    -9.2   -10.1   -14.7   -15.2   -13.0    -5.8    -1.1    -0.8    -2.9    -0.3     0.5     4.0     3.7     5.7     7.3     9.7    12.3     8.9     8.0     6.1     6.0     2.2     2.5 
 2011  6    -2.7    -2.7    -1.2     2.6     1.9     0.0    -0.5    -1.0    -1.6     0.9     0.4     1.7     2.8    10.3    13.9     9.9     8.2     8.4     4.8E    4.1     4.1     9.8    18.0     4.7     3.2     5.3     5.3     3.4     3.9     6.3 -9999.9M
 2011  7    10.9     9.5     4.4E   10.0    14.2    10.8    13.4    10.5     5.7     7.9    11.0     8.3     9.9    11.2    11.3    12.0    15.8    10.5     7.1     9.1    15.3    15.1    13.4    16.9     7.3     7.8    10.0     7.9    13.9    14.0    15.7 
 2011  8    14.8    16.7    15.6    14.4    21.0    15.1    11.2    12.2     8.4    12.1    11.7     9.7    11.4    10.5     9.9     7.0     5.5     4.0     3.8     8.6    11.4     8.2     6.6     6.2     7.9     6.8     5.8     4.5     2.0     3.4     6.1 
 2011  9     7.4     7.8     7.7     7.4     3.5     4.9     5.7     5.9     4.1     0.7     4.1     9.4     9.2     5.3     3.2     2.8     2.0     2.4     5.9     6.0     4.6     1.3    -0.5    -1.1    -0.7    -0.2    -0.5    -1.4    -0.9    -0.8 -9999.9M
 2011 10    -1.3    -1.0     2.6    -0.4    -2.2 -9999.9M   -1.4    -1.3    -3.0    -2.2 -9999.9M   -1.6    -3.6    -4.9    -3.1    -2.6    -2.3    -3.5    -4.0    -6.1    -4.3    -6.3    -7.6   -10.5   -10.0    -8.4   -12.3   -11.9    -8.8    -8.0   -10.0 
 2011 11   -11.7   -11.3   -11.0   -13.8   -12.2   -16.9   -16.9   -14.7   -15.9   -19.4   -15.7   -17.7   -20.3   -22.0   -24.0   -27.0   -25.2   -19.4   -19.7   -23.5   -26.3   -27.0   -24.4   -21.1   -20.3   -22.5   -21.9   -23.8   -28.3   -28.9 -9999.9M
 2011 12   -25.3   -20.0   -21.2   -16.2   -10.3   -21.0   -26.5   -21.5   -13.8   -15.2   -17.4   -20.6   -28.1   -28.2   -26.2   -27.1   -25.9   -25.3   -27.0   -28.4   -24.9   -23.1   -28.1   -30.6   -33.0   -32.7   -27.7   -25.5   -26.2   -23.6   -27.5 
 2012  1   -29.9   -23.9   -25.3   -27.3   -19.6   -23.2   -24.9   -23.5   -22.1E  -27.3   -25.0E  -21.2   -26.7   -27.7   -29.9   -26.2   -22.6   -20.2   -21.6   -18.6   -29.0   -37.7   -33.6E  -34.4   -31.1   -32.6   -34.9   -33.7   -38.4   -38.1   -37.0 
 2012  2   -35.0   -27.5   -24.3   -23.5   -23.1   -18.3   -21.7   -17.9   -13.5   -14.9   -12.4   -13.9   -15.4   -15.9   -18.8   -17.1   -17.3   -20.3   -20.1   -19.5   -22.9   -28.5   -29.6   -32.7   -30.4   -31.1   -33.0   -35.8   -39.2 -9999.9M-9999.9M
 2012  3   -37.5   -33.0   -33.2   -34.5   -32.3   -26.6   -31.5 -9999.9M  -32.0   -35.7   -32.7   -28.4   -29.2   -35.2   -33.3   -35.5   -36.3   -33.1   -25.9   -25.8   -27.1   -23.5   -25.5   -25.7   -25.9   -24.3   -28.7   -28.1   -22.5   -21.9   -19.2 
 2012  4   -23.2   -24.1   -20.7   -20.1   -18.7   -16.3   -14.9   -15.4   -10.9   -17.8   -17.0   -17.2   -16.8   -17.3   -14.9   -10.2   -10.2    -9.1   -14.3   -14.3   -15.4   -11.9   -14.1    -9.0    -8.7    -8.5   -13.0    -8.8    -8.2   -12.2 -9999.9M
 2012  5   -14.1    -8.7   -10.4    -7.8   -10.0    -9.1   -10.4    -7.2    -7.7    -5.8    -5.2    -3.3    -0.9     1.2     0.3    -3.2    -3.9    -1.2     1.2     2.9     7.1     1.8    -0.4     5.1     1.0     6.3     5.9     2.8E    3.1     3.6     2.3 
 2012  6     1.1     0.8     3.1     2.6     0.5     3.2     7.3     4.1     4.5     2.9     2.5     5.4     4.8     7.0     7.8    14.3    14.8     6.1     9.4    12.6    15.3    12.5    13.3    10.1    20.3    15.5    14.4    13.7    14.1    14.4 -9999.9M
 2012  7    13.3    15.2    13.6    14.5    17.1    14.8    13.8    14.9    11.1     8.0    10.4    13.5    19.0    19.5    15.6     9.7    11.6     9.9    11.8    15.7    12.2     9.4E   14.9E   14.8    12.0     8.7    11.4    16.7    14.1    20.0    19.9 
 2012  8    15.0    19.5    13.5    12.9    14.1    16.0    11.1     9.6    12.2    11.3     7.2     5.9     7.1     8.0     9.1    10.3    14.9    14.0    15.2    15.6    12.5     9.6     8.7    11.5    13.7    10.3    10.0     9.1     9.5    10.0     9.3 
 2012  9     7.0     7.8     7.4    11.7    13.4    10.4     7.1     3.1     2.7     2.2     2.9     2.2     2.8     3.7     5.2     7.3     9.6     7.7     7.5     9.3    10.5     5.7     9.6     8.9     4.2     4.3     3.6     3.0     1.9     1.8 -9999.9M
 2012 10     0.6     2.0     2.5     3.3     2.0     2.7     1.9     0.2    -2.2    -1.8    -3.0    -3.8    -4.0    -4.5    -3.8    -3.0    -3.5    -4.9    -6.2    -4.4    -5.4    -7.8    -6.5    -5.5    -5.2    -7.1    -5.3    -4.3    -4.7    -7.5    -9.5 
 2012 11    -8.6   -13.1   -11.0   -11.5   -11.8   -12.2   -14.6   -11.1   -14.1    -8.1   -13.2   -16.5   -13.8   -16.4   -14.3   -19.9   -20.9   -23.9   -17.7   -18.3   -19.9   -20.2   -20.9   -23.7   -19.7E  -17.0   -23.0   -19.2   -17.4   -15.1 -9999.9M
 2012 12   -18.6   -23.9   -25.9   -29.0   -27.9   -24.5   -23.0   -26.3   -29.6   -31.1   -31.5   -29.4   -26.9   -30.0   -27.0   -24.4   -27.3   -29.5   -27.7   -27.3   -30.7   -31.0   -30.7   -27.3   -23.2   -23.8   -23.6   -23.1   -26.9   -22.2   -20.2 
 2013  1   -25.4   -21.9   -22.5   -23.5   -23.2   -28.0   -31.3   -24.9   -21.4   -26.5   -30.9   -32.0   -30.0   -28.8   -30.0   -31.3   -32.7   -29.0   -27.6   -30.7   -31.5   -34.1   -36.9   -34.8   -35.0   -35.9   -34.4   -33.8   -34.2   -35.8   -36.3 
 2013  2   -32.8   -32.0   -32.7   -31.4   -29.8   -33.4   -32.5   -27.1   -29.3   -30.0   -28.4   -29.0   -30.7   -27.0   -29.5   -31.8   -31.0   -29.9   -29.9   -29.6   -32.2   -34.3   -34.3   -29.8   -26.2   -30.2   -25.7   -23.2E-9999.9M-9999.9M-9999.9M
 2013  3 -9999.9M  -28.6   -33.6   -33.4   -32.0   -34.7   -32.0   -31.8   -25.2   -27.3   -25.8   -29.0   -27.5   -30.2   -29.2   -22.7   -24.3E  -25.6   -25.7   -28.0   -25.9   -22.2   -21.2   -17.9   -14.8   -13.8   -20.3   -22.7   -21.6   -17.1   -21.6 
 2013  4   -20.3   -23.0   -25.7   -25.6   -27.7   -25.4   -20.7   -18.3   -18.2   -16.5   -17.9   -18.3   -17.7   -19.6   -19.8   -20.3   -21.6   -21.2   -16.9   -14.2   -12.1    -9.3    -4.8    -9.0   -15.8   -20.1   -21.3   -21.6   -22.4   -21.7 -9999.9M
 2013  5   -19.9   -21.0   -18.5   -17.7   -16.6   -16.3   -11.4    -6.6    -7.0    -5.8    -2.5     0.6    -4.1    -5.2    -9.8    -4.3     0.0     0.8    -5.5    -6.6    -4.3     2.3     3.3     2.5     0.3     3.7     6.3     1.1     2.7     0.6     0.4E
 2013  6     1.1    -0.2E-9999.9M   -1.8    -3.4    -2.6    -1.3     2.7    11.4     8.0     2.1     3.2     3.7     7.2    14.5     5.5     3.7     4.4     5.6    11.0    15.7     5.9     6.3     5.7     1.4    13.0    13.0     9.7     9.7     6.2 -9999.9M
 2013  7    11.5    11.0    10.2E   11.2    17.0    11.4     7.1     9.0     7.9     7.6     1.7     3.4     5.7     2.8     3.9     5.9     9.0     9.6     7.9     9.8     9.2    14.9    13.8     6.7     7.6     7.6     4.2     6.7     9.2     4.7     9.2 
 2013  8     6.4    15.5    21.0    19.6    17.8    13.6    13.2    19.8    20.4    19.4    17.2    12.4    12.9     7.2     7.7     7.4     8.0     7.5     3.8     0.8     2.3     0.9    -1.6E   -1.0     2.4     1.6     3.6E    7.1     7.2E    4.8     3.6 
 2013  9     1.1     0.3     0.6     7.1     3.3     3.8     1.8     3.4     2.4     4.9     8.5     5.7     7.1     6.1    -0.4    -1.8    -0.8     1.8     4.4     3.0     1.9    -0.3     0.8     1.0     2.9     2.1    -0.8     1.0    -0.6     0.6 -9999.9M
 2013 10    -0.5     2.4     2.4     0.9    -1.8    -1.4    -2.5    -1.1     0.0    -0.1E   -1.0    -1.7    -3.1     0.9     2.4    -1.2    -2.5     0.7     1.2E    3.1     0.9    -1.2    -3.0    -4.3    -8.9    -6.8    -4.6    -2.2    -0.7    -4.7    -8.2 
 2013 11    -8.4    -8.8    -9.6    -8.9    -8.1   -13.5   -18.2   -20.1   -14.6    -4.4    -5.8   -11.2   -15.9   -10.0   -12.9   -14.7   -16.4   -16.8   -19.4   -18.7   -19.8   -20.6E  -14.1   -15.2   -20.1   -23.5   -23.2E  -13.1   -14.1   -16.1E-9999.9M
 2013 12   -16.6   -14.4   -21.8   -19.7   -13.6   -17.7   -21.6   -14.3   -26.5   -26.0E  -24.4   -26.1   -28.0   -30.0   -25.4   -27.4   -23.6   -24.2   -29.0   -23.1   -20.5   -22.5   -25.2   -22.5   -24.4   -31.1   -33.4   -30.5   -30.6   -30.8   -30.3 
 2014  1   -31.9   -27.0   -31.4   -34.4   -30.8   -26.4   -21.6   -24.3E  -26.1   -28.4   -28.0   -25.9   -31.7   -30.2   -26.4   -30.3   -33.6   -31.2   -23.5   -27.5   -24.2   -16.7   -25.2   -27.8   -28.1   -20.8   -19.5   -20.5   -20.0E-9999.9M-9999.9M
 2014  2   -18.1E  -15.0   -14.2   -14.2   -14.2   -13.1   -18.5   -28.4   -26.3   -24.6   -24.0   -26.8   -31.8   -32.4   -32.1   -32.7   -30.6   -33.8   -32.1   -34.2   -33.5   -32.9   -30.0   -27.3   -24.0   -22.4   -26.5   -24.2 -9999.9M-9999.9M-9999.9M
 2014  3   -23.2   -20.8   -17.2   -22.1   -25.6   -25.6   -23.1   -27.1   -31.8   -32.4   -26.7   -16.8   -15.5   -13.4   -17.7   -17.7   -20.6   -25.0   -26.5   -23.8   -19.7   -18.1   -21.5   -17.7   -20.0   -18.7   -15.1   -19.4   -21.6   -20.9   -23.1 
 2014  4   -24.2   -25.1   -24.5   -24.2   -22.2   -19.2   -21.4   -20.9   -21.4   -25.6   -20.0   -19.7   -13.4   -11.6    -6.5    -5.8    -8.8   -10.1    -9.4   -11.8   -16.5   -16.4   -10.9    -6.8    -2.2    -3.8   -11.1   -17.0   -14.5    -6.7 -9999.9M
 2014  5   -10.9    -6.4    -1.3    -1.0    -1.2     0.2     2.5    -1.6    -3.0    -4.8    -2.1     0.9     5.9    -0.6     0.0     0.0     2.7    -1.1    -4.6    -5.0    -6.2    -3.0    -3.7    -7.7    -6.4    -2.0     2.7     2.6     0.7     0.0     0.6 
 2014  6    -3.1    -3.9    -4.5    -1.8     3.2     7.7     6.3     9.0     6.1    14.1     6.4     7.8     5.4     2.0     4.0     8.6     9.1     4.5     1.6     1.7     3.2    13.6    19.8    15.3     9.1     6.4     5.4     7.8    12.1    10.2 -9999.9M
 2014  7    11.3    15.9    17.6    10.9     6.3     6.5     5.4     8.1     6.8     5.0    11.6    16.0    17.8    15.5     9.2     5.3     6.8    14.6    11.5     7.8    11.6    10.5    13.0    15.5E    7.1     8.1     5.2     4.9     4.3     3.2     3.2 
 2014  8     4.2     7.8     5.3     4.0     3.7     5.5     6.5     8.7     6.6     6.5     6.7     7.4     5.5     5.3     9.1     8.2     9.9     9.3     8.2     4.2     7.5    11.4     7.5     9.2     8.5E    2.7     8.4    11.6    12.8     3.7     3.7 
 2014  9     8.4     4.1     2.1     1.9     0.8    -0.1     0.3     4.3     2.6E    1.6     0.7     2.1     0.1     1.4     1.6     3.9     3.2     2.6     2.7     3.1     3.2     2.9     2.3     0.3     0.2    -1.9    -3.4    -1.8    -1.7    -1.1 -9999.9M
 2014 10    -1.7    -0.1    -0.8E   -0.6    -0.6     0.9    -1.7    -2.7    -5.3    -6.5E   -1.2    -1.9    -2.2    -3.3    -4.9    -3.6    -5.5    -5.1    -5.1    -4.7    -5.5    -9.2    -8.7    -8.0    -7.4   -10.0    -9.8   -10.2    -9.7    -6.8   -10.2 
 2014 11   -12.6   -13.8   -16.7   -15.8   -11.1   -15.3   -21.4   -17.3   -13.6   -13.0    -9.9    -8.6    -6.5    -9.8    -9.2    -9.4    -9.4   -15.2   -19.6   -17.8   -18.7   -21.4   -24.4   -26.0   -19.4   -23.4   -25.2   -20.7   -23.1   -18.8 -9999.9M
 2014 12   -21.0   -25.0   -25.4   -22.9   -29.7   -30.6   -30.9   -28.4   -27.7   -31.4   -30.4   -28.8   -24.4   -19.4   -16.8   -18.1   -16.6   -15.6   -16.6   -17.5   -17.7   -19.0   -24.1   -25.8   -22.6   -20.6   -19.2   -26.0   -15.8   -17.6   -23.8E
 2015  1   -29.1   -25.4   -21.0   -19.4   -15.5   -18.3   -25.3   -25.4   -23.4   -22.8E-9999.9M  -27.5E  -28.7   -30.7   -28.2   -26.9   -25.8   -21.4   -25.4   -25.9   -24.8   -22.2   -22.6   -23.3   -26.7   -29.9   -29.4   -25.3   -27.8   -26.3   -16.7 
 2015  2   -22.4   -26.7   -18.0   -27.7   -35.5   -35.6   -34.6   -28.0   -34.4   -34.7   -33.8   -32.5   -29.1   -27.5   -25.9E  -24.0E  -18.8   -13.0   -13.1   -14.4   -14.2   -20.2   -27.0   -22.1   -14.7   -12.6   -12.5   -12.8 -9999.9M-9999.9M-9999.9M
 2015  3   -14.6   -24.9   -21.5   -13.2   -22.6   -23.9   -20.8   -21.1   -27.0   -27.5   -28.1   -29.2   -28.6   -26.4   -28.7   -26.2   -21.3   -16.8   -17.6   -16.0   -17.9   -18.5   -17.8   -17.1   -16.3   -13.7   -16.9   -20.2   -20.2   -25.0   -25.1 
 2015  4   -23.7   -22.9   -24.4   -24.1   -22.8   -22.0   -23.7   -18.3   -15.4   -13.7   -11.9   -14.5   -14.7   -14.1   -12.8   -12.8   -16.4   -16.1   -11.3    -5.5    -2.3    -0.3    -2.3    -4.8    -8.5    -7.3    -7.2E   -5.0    -6.9    -4.0 -9999.9M
 2015  5    -4.6    -7.2    -9.4   -12.8    -8.8    -7.0    -4.2    -0.1     5.1     5.1     5.7     0.9     4.4     1.5    -2.1     5.5     5.7     9.1    15.3     5.3     9.6    10.1     3.1    -0.6     1.2     0.7     2.1    10.7     2.2    -0.2    -0.8 
 2015  6    -3.1    -2.9    -0.3E    0.7E    3.9     1.6     1.6     2.2    11.0    15.2    10.0     2.0     3.5     6.8     4.7     4.8E    2.9     8.4     5.0     8.3    10.0    15.3     5.1    11.6    15.4    15.6    13.5     4.3     5.3     7.6 -9999.9M
 2015  7    11.3    15.7    13.9     8.1     5.2     6.6     6.5     5.5     5.1     5.9     6.8    11.2 -9999.9M-9999.9M   11.6    10.6    16.1    15.4    13.8    11.7     9.7     9.7     9.0E    7.1     8.5     9.1     7.6     7.1     7.7     8.4    10.4 
 2015  8    10.3     7.6    11.4     8.6     5.7E    3.9     5.4     9.4    15.1    15.6     7.0     6.4     8.9     8.7     9.0     5.3     5.0     6.2     3.6     2.4     5.2     8.4     9.3     9.1    10.3    12.7     7.3     3.5     3.8     6.5     8.9 
 2015  9     5.0     2.0     1.7     5.8     7.3     5.5     5.8     3.6     1.3     2.3     4.0     3.5     3.2     4.5     3.7     3.0     2.5     2.4    -0.4    -2.1    -2.8    -2.2    -1.8     0.7    -0.9    -1.5    -0.6    -0.2     1.3    -0.7 -9999.9M
 2015 10    -1.5    -2.4E   -0.5    -0.8    -3.8    -5.2    -5.8    -7.2    -7.3    -7.2    -7.4    -7.2    -4.8    -2.9    -3.3    -6.0    -7.9    -6.1    -3.6    -6.4    -8.5    -7.0   -10.2   -13.8   -10.9E   -6.3    -8.5    -8.0E   -7.4    -8.4   -11.2 
 2015 11   -16.6   -15.4   -10.1    -7.8    -9.9   -10.7   -11.2   -12.8   -10.0   -10.6   -12.7   -14.4   -13.3   -18.7   -23.9   -19.5   -15.1   -19.7   -23.9   -22.8   -17.9   -17.2   -22.4   -21.2   -12.8    -9.2   -12.8   -14.8   -16.7   -22.0 -9999.9M
 2015 12   -27.1   -26.5   -30.1   -33.2   -28.3   -27.9   -31.9   -30.9   -25.6   -21.9   -28.1   -22.7   -21.0E  -21.7   -20.1   -22.9   -22.2   -19.5   -19.8   -19.0   -21.5   -26.7   -25.6   -26.8   -30.9   -35.0   -32.0   -27.7   -22.6   -21.4   -19.3 
 2016  1    -8.7   -10.4    -8.6   -17.9   -15.9E  -17.7   -17.6E  -16.9   -15.3   -20.4   -22.4E-9999.9M  -25.0   -19.0   -19.7   -22.5   -28.4   -24.3   -24.5   -21.6   -25.1   -28.3   -29.1   -24.7   -21.3   -24.5   -27.0   -23.9   -21.3   -21.7   -19.4 
 2016  2   -19.7   -23.4E  -31.1   -31.1   -29.9   -30.6   -32.1   -33.9   -31.4   -28.3   -22.1   -20.6   -26.3   -29.1   -27.5   -25.0   -26.1   -25.3   -24.9   -28.9   -24.5   -25.8   -20.5   -17.9   -16.2   -21.2   -25.2   -26.2   -26.7 -9999.9M-9999.9M
 2016  3   -25.1   -26.9   -27.2   -23.1   -20.3   -22.1   -25.8   -28.4   -24.9   -18.9   -17.9   -19.5   -18.6   -22.0   -23.8   -19.2   -20.1   -18.4   -21.5   -23.1   -22.6   -22.8   -21.4   -15.5   -13.0   -10.9   -14.4   -17.8   -20.9   -22.9   -21.9 
 2016  4   -26.2   -25.7   -22.2   -23.8   -22.4   -21.9   -21.7   -22.3   -20.1   -18.7   -20.6   -16.4   -16.4   -15.9   -20.2   -17.4   -12.9   -12.3   -14.3   -15.6   -15.4   -13.8   -10.2    -6.1   -10.1   -10.3    -7.4    -8.2    -2.3    -2.4 -9999.9M
 2016  5    -2.1    -1.8     0.1    -3.8    -5.9    -3.3    -3.5    -4.1     0.7     1.9     5.6    10.3     5.9     2.5    -0.8    -1.2    -2.3    -2.5     0.2     8.1     7.6    -0.4    -0.9     0.0     1.9    -0.7    -1.6    -1.3    -1.4     0.3     2.9 
 2016  6    -1.2     0.2    -0.9     1.9    11.8     1.2     3.7     4.1     1.6     2.7     3.8    13.7    14.3     7.3     2.3     2.4     1.9     3.2    12.7     8.7     9.0E    8.5E    8.6    11.4    14.8    11.0    12.8     8.0    13.1     4.8 -9999.9M
 2016  7     6.6    13.4    12.6    13.6    17.7    13.8    15.6    18.4    16.2    20.5    20.1    13.0    15.0    19.6    18.2    10.8    10.6     8.0     3.1     1.0     2.3     2.4     6.1     5.4     4.3     8.0    14.8    18.1    14.8     8.0     6.6 
 2016  8    10.0     9.2     3.2     3.9     4.4     9.7    13.4    17.6    16.4     9.1     6.7     8.3    13.4    13.5     9.4     6.8     4.8    12.6    12.4     9.7     5.4    11.5     4.8     7.3     8.0     5.8     5.8     5.4     4.9E    2.6     5.7 
 2016  9 -9999.9M-9999.9M-9999.9M-9999.9M-9999.9M-9999.9M-9999.9M-9999.9M-9999.9M-9999.9M-9999.9M-9999.9M-9999.9M-9999.9M-9999.9M-9999.9M-9999.9M-9999.9M-9999.9M-9999.9M-9999.9M-9999.9M-9999.9M-9999.9M-9999.9M-9999.9M-9999.9M-9999.9M-9999.9M-9999.9M-9999.9M
 2016 10 -9999.9M-9999.9M-9999.9M-9999.9M-9999.9M-9999.9M-9999.9M-9999.9M-9999.9M-9999.9M-9999.9M-9999.9M-9999.9M-9999.9M-9999.9M-9999.9M-9999.9M-9999.9M-9999.9M-9999.9M-9999.9M-9999.9M-9999.9M-9999.9M-9999.9M-9999.9M-9999.9M-9999.9M-9999.9M-9999.9M-9999.9M
 2016 11 -9999.9M-9999.9M-9999.9M-9999.9M-9999.9M-9999.9M-9999.9M-9999.9M-9999.9M-9999.9M-9999.9M-9999.9M-9999.9M-9999.9M-9999.9M-9999.9M-9999.9M-9999.9M-9999.9M-9999.9M-9999.9M-9999.9M-9999.9M-9999.9M-9999.9M-9999.9M-9999.9M-9999.9M-9999.9M-9999.9M-9999.9M
 2016 12 -9999.9M-9999.9M-9999.9M-9999.9M-9999.9M-9999.9M-9999.9M-9999.9M-9999.9M-9999.9M-9999.9M-9999.9M-9999.9M-9999.9M-9999.9M-9999.9M-9999.9M-9999.9M-9999.9M-9999.9M-9999.9M-9999.9M-9999.9M-9999.9M-9999.9M-9999.9M-9999.9M-9999.9M-9999.9M-9999.9M-9999.9M
 2017  1 -9999.9M-9999.9M-9999.9M-9999.9M-9999.9M-9999.9M-9999.9M-9999.9M-9999.9M-9999.9M-9999.9M-9999.9M-9999.9M-9999.9M-9999.9M-9999.9M-9999.9M-9999.9M-9999.9M-9999.9M-9999.9M-9999.9M-9999.9M-9999.9M-9999.9M-9999.9M-9999.9M-9999.9M-9999.9M-9999.9M-9999.9M
 2017  2 -9999.9M-9999.9M-9999.9M-9999.9M-9999.9M-9999.9M-9999.9M-9999.9M-9999.9M-9999.9M-9999.9M-9999.9M-9999.9M-9999.9M-9999.9M-9999.9M-9999.9M-9999.9M-9999.9M-9999.9M-9999.9M-9999.9M-9999.9M-9999.9M-9999.9M-9999.9M-9999.9M-9999.9M-9999.9M-9999.9M-9999.9M
 2017  3 -9999.9M-9999.9M-9999.9M-9999.9M-9999.9M-9999.9M-9999.9M-9999.9M-9999.9M-9999.9M-9999.9M-9999.9M-9999.9M-9999.9M-9999.9M-9999.9M-9999.9M-9999.9M-9999.9M-9999.9M-9999.9M-9999.9M-9999.9M-9999.9M-9999.9M-9999.9M-9999.9M-9999.9M-9999.9M-9999.9M-9999.9M
 2017  4 -9999.9M-9999.9M-9999.9M-9999.9M-9999.9M-9999.9M-9999.9M-9999.9M-9999.9M-9999.9M-9999.9M-9999.9M-9999.9M-9999.9M-9999.9M-9999.9M-9999.9M-9999.9M-9999.9M-9999.9M-9999.9M-9999.9M-9999.9M-9999.9M-9999.9M-9999.9M-9999.9M-9999.9M-9999.9M-9999.9M-9999.9M
 2017  5 -9999.9M-9999.9M-9999.9M-9999.9M-9999.9M-9999.9M-9999.9M-9999.9M-9999.9M-9999.9M-9999.9M-9999.9M-9999.9M-9999.9M-9999.9M-9999.9M-9999.9M-9999.9M-9999.9M-9999.9M-9999.9M-9999.9M-9999.9M-9999.9M-9999.9M-9999.9M-9999.9M-9999.9M-9999.9M-9999.9M-9999.9M
 2017  6 -9999.9M-9999.9M-9999.9M-9999.9M-9999.9M-9999.9M-9999.9M-9999.9M-9999.9M-9999.9M-9999.9M-9999.9M-9999.9M-9999.9M-9999.9M-9999.9M-9999.9M-9999.9M-9999.9M-9999.9M-9999.9M-9999.9M-9999.9M-9999.9M-9999.9M-9999.9M-9999.9M-9999.9M-9999.9M-9999.9M-9999.9M
 2017  7 -9999.9M-9999.9M-9999.9M-9999.9M-9999.9M-9999.9M-9999.9M-9999.9M-9999.9M-9999.9M-9999.9M-9999.9M-9999.9M-9999.9M-9999.9M-9999.9M-9999.9M-9999.9M-9999.9M-9999.9M-9999.9M-9999.9M-9999.9M-9999.9M-9999.9M-9999.9M-9999.9M-9999.9M-9999.9M-9999.9M-9999.9M
 2017  8 -9999.9M-9999.9M-9999.9M-9999.9M-9999.9M-9999.9M-9999.9M-9999.9M-9999.9M-9999.9M-9999.9M-9999.9M-9999.9M-9999.9M-9999.9M-9999.9M-9999.9M-9999.9M-9999.9M-9999.9M    7.6     9.7    13.3     9.1     6.8     4.9     5.9     7.9     6.9 -9999.9M    4.0 
 2017  9     6.2     7.0     4.0     5.4     6.7     3.4     5.6     3.8     3.9     1.1     1.8     4.7     9.7    10.1     9.6     5.2     1.1     6.2     8.1     1.8     2.4     5.5     5.3     4.8     2.3     0.7     0.1     1.9     0.7     0.1 -9999.9M
 2017 10    -0.1    -2.2    -2.0     0.0     1.8     0.6     0.5    -0.6    -1.6    -1.0    -2.4    -5.3    -7.7    -6.7    -7.2    -5.5    -7.6    -8.7    -6.2    -4.8    -4.4    -4.8    -5.8    -8.0    -7.3    -8.2    -5.4    -3.4    -4.8    -3.7    -5.4 
 2017 11    -5.2    -4.4    -2.9    -7.0   -10.7   -14.0   -15.8    -7.2    -5.1   -10.5   -10.0   -12.3   -13.7   -16.8   -20.8 -9999.9M  -21.0   -19.6   -20.7   -23.6   -28.9   -27.7   -21.3   -17.9   -16.9   -18.8   -21.7   -20.0   -21.6 -9999.9M-9999.9M
 2017 12   -18.8   -17.8   -19.3   -17.5 -9999.9M  -14.9   -15.3   -17.9   -18.0   -22.2   -17.7   -17.7   -21.5   -16.7   -13.6   -16.8   -20.0   -25.0   -26.8   -19.0    -8.8    -7.0   -16.1   -18.5   -20.2   -22.0   -18.4   -22.6   -26.8   -28.4   -22.1 
 2018  1   -22.5   -22.3   -16.8   -19.8   -16.3   -20.7   -23.6   -26.9   -30.7   -29.7   -27.3   -28.9   -29.2   -21.1    -9.1    -5.3    -9.2    -8.3   -10.3   -19.6   -23.7   -21.4   -21.2   -18.7   -21.2   -23.7   -20.1   -25.4   -29.3   -29.2   -28.2 
 2018  2   -25.9   -23.4   -19.0   -24.3   -25.1   -23.3   -24.3   -17.6   -17.9   -28.6   -25.6   -20.4   -30.6   -30.9   -24.1   -22.9   -22.6   -20.5   -23.8   -21.6   -11.5   -10.6   -17.8   -17.8   -16.0   -18.7   -22.6   -25.8 -9999.9M-9999.9M-9999.9M
 2018  3   -30.7   -32.4   -20.9   -10.9   -13.5   -15.4   -13.0   -12.7   -19.3   -26.2   -23.7   -21.1   -17.8   -16.5    -9.4   -14.5   -19.5   -25.2   -25.8   -24.5   -23.6   -21.5   -24.1   -27.6   -29.8   -30.0   -25.7   -27.6   -21.7   -18.9   -17.4 
 2018  4   -16.8   -17.9   -19.8   -19.3   -18.6   -16.1   -19.1   -19.5   -17.2   -16.7   -11.5   -10.3   -15.3 -9999.9M  -19.8   -15.1   -16.4   -22.1   -24.1   -23.2   -24.1   -19.4   -18.1   -14.3    -8.7   -10.7    -7.8   -13.6   -17.6    -8.6 -9999.9M
 2018  5    -5.4   -13.3   -14.0   -13.7   -12.9   -13.0   -13.2   -12.5    -7.3    -8.8    -6.3    -9.4   -11.2   -10.0   -11.1    -4.9    -2.7    -7.2    -8.8    -5.8    -5.1    -2.4    -4.0    -3.8     0.6    -2.2    -4.3    -5.2    -3.9 -9999.9M-9999.9M
 2018  6 -9999.9M-9999.9M-9999.9M-9999.9M-9999.9M-9999.9M-9999.9M   -0.8     0.2     2.0     1.6     1.9     3.9     2.5     3.0     2.3     3.9    10.6     7.0     2.7     3.5     6.7     3.4     1.3     4.1     4.2     5.5     6.0     6.3     6.2 -9999.9M
 2018  7     5.4     5.1     6.9    11.7     5.5     4.1     9.3     7.1     6.3     6.2     6.1     4.4     9.6    15.8    16.4    12.0     5.6    10.6     8.6     9.0     7.7    14.6    20.4    11.5    17.2    11.9     7.1     4.7    10.1    15.0    10.4 
 2018  8     4.5     3.7     5.7     9.8     8.7     4.1     4.9     3.7     4.1     3.6 -9999.9M-9999.9M    3.1 -9999.9M    5.4     6.7     4.4 -9999.9M    5.3 -9999.9M    0.4 -9999.9M-9999.9M-9999.9M-9999.9M-9999.9M    4.3     3.3     2.0 -9999.9M    0.9 
 2018  9     2.1    -0.3     2.0     0.4     2.7     2.5     0.1     1.8     1.1    -2.1    -2.6    -3.8    -4.6    -2.1    -1.7     1.0    -4.9    -6.3    -6.0    -1.5     2.9    -1.7    -4.1    -3.6 -9999.9M   -4.6    -2.1    -3.1    -5.0    -4.3 -9999.9M
 2018 10    -6.4    -4.9    -6.5    -5.8    -5.2    -8.1    -5.1    -4.1    -5.0 -9999.9M-9999.9M   -4.8    -5.7    -5.1    -8.8   -10.8    -6.5   -10.6    -9.8    -7.7    -9.1    -5.5    -5.4    -4.1    -3.0    -7.5    -4.9    -7.1    -8.9   -11.0   -12.1 
 2018 11   -14.6   -16.0   -14.3   -16.6   -18.1   -21.2   -18.9   -13.2    -8.7   -12.1   -13.8   -18.9   -22.5   -20.9 -9999.9M  -19.5   -23.4   -17.3   -17.3   -13.8   -13.7   -18.4   -20.5   -21.4   -19.9   -15.8   -10.3   -12.8   -12.9   -13.7 -9999.9M
 2018 12   -14.7    -9.7   -10.3    -8.9   -11.9   -13.1   -19.3   -17.9   -14.9   -20.9   -25.8   -22.5   -19.7   -22.3 -9999.9M-9999.9M-9999.9M-9999.9M  -15.0   -16.5   -21.0   -17.0   -21.8   -27.7   -33.0   -30.5   -24.4   -22.0   -25.6   -20.2   -14.0 
 2019  1   -12.2   -17.1   -16.8   -16.7   -18.6   -21.4   -23.9   -29.0   -34.6   -35.9   -28.7   -28.4   -31.0   -25.9   -29.2   -27.5   -24.5   -23.8   -19.8   -21.2   -20.8   -27.5   -29.8   -24.1   -20.8   -22.9   -27.7 -9999.9M  -18.3   -20.2   -24.7 
 2019  2   -29.6   -31.3   -28.1   -23.6   -21.3   -23.8   -27.7   -15.6    -9.3   -14.3   -10.8    -9.9   -15.1   -26.3   -30.4   -27.0   -18.3   -18.2   -19.2   -21.5   -19.7   -25.2   -26.8   -16.4   -10.2   -14.9   -19.9   -21.4 -9999.9M-9999.9M-9999.9M
 2019  3   -22.4   -20.2   -13.7   -10.2   -12.2   -12.3   -12.5   -12.4   -10.2   -10.5   -15.0   -24.4   -26.4   -26.3   -16.5   -19.3    -9.2    -3.5    -6.7   -13.7   -13.1   -20.3   -17.5    -9.5    -9.2    -8.7    -6.0    -5.9    -4.8    -4.8    -7.1 
 2019  4   -14.1   -18.8   -21.5   -19.1   -19.6   -19.3   -17.0   -12.8   -15.2   -14.3   -13.3   -15.8   -17.7   -15.8   -13.9   -13.3   -15.0   -14.5   -14.1   -10.0    -5.4   -11.0   -10.6   -12.8   -11.3   -11.3   -14.2   -13.7   -10.0    -4.7 -9999.9M
 2019  5    -8.3   -14.5   -10.5    -9.9   -11.9    -9.6    -5.8    -6.4    -5.7    -7.0    -4.3    -0.3    -0.3    -3.7    -2.9    -1.9    -3.5    -2.5     0.0     0.3     4.8     4.5     5.3     9.9     1.8     1.7    -0.8    -0.6    -0.8    -0.6 -9999.9M
 2019  6 -9999.9M-9999.9M-9999.9M-9999.9M-9999.9M-9999.9M-9999.9M-9999.9M-9999.9M-9999.9M-9999.9M-9999.9M-9999.9M-9999.9M-9999.9M-9999.9M-9999.9M-9999.9M-9999.9M-9999.9M-9999.9M-9999.9M-9999.9M-9999.9M-9999.9M-9999.9M-9999.9M-9999.9M-9999.9M    5.3 -9999.9M
 2019  7     8.8     7.2    11.6    11.8    12.0     2.7     4.2     5.2    11.0     9.3     1.3     4.1     9.3    13.4    13.7     6.6    13.6     8.5    11.7    14.3     6.4     9.5     9.0     8.4     8.5     9.8    10.3    11.2     6.9     5.6    10.0 
 2019  8    13.7    11.1    11.3     8.5     3.1     3.3     3.1     4.5     3.6     4.9     3.7     2.3     5.4     5.0     2.6     1.5     1.5     1.6     2.4     3.6     5.8     3.5     4.4     2.5     6.2     7.3     5.1     2.2     2.1     1.4     2.2 
 2019  9     1.9     3.6     6.3     7.2     9.1    10.0    12.1    12.8     9.8    14.0 -9999.9M-9999.9M    4.7     3.1     3.0     4.5     6.2     3.7     4.7     4.5     4.7     3.3     2.0     2.6     2.3     0.4     0.8     0.8     1.6     4.1 -9999.9M
 2019 10     3.0     1.5     0.5    -0.1     1.1    -1.3    -2.7    -1.8    -1.1    -0.2    -1.4    -1.8    -3.9    -4.9    -7.5    -6.8    -7.0    -4.8    -6.6    -6.8   -10.6    -6.9    -8.1    -9.1    -9.4    -6.7    -7.4    -6.3    -0.2    -1.1    -3.1 
 2019 11    -6.0    -5.6    -6.7    -8.5 -9999.9M-9999.9M-9999.9M-9999.9M-9999.9M-9999.9M-9999.9M-9999.9M-9999.9M-9999.9M-9999.9M-9999.9M-9999.9M-9999.9M-9999.9M-9999.9M-9999.9M-9999.9M-9999.9M-9999.9M-9999.9M-9999.9M-9999.9M-9999.9M-9999.9M-9999.9M-9999.9M
 2019 12 -9999.9M  -20.6   -26.2   -24.4   -19.8   -19.6 -9999.9M-9999.9M-9999.9M-9999.9M-9999.9M-9999.9M-9999.9M-9999.9M-9999.9M-9999.9M  -29.5 -9999.9M-9999.9M-9999.9M-9999.9M-9999.9M-9999.9M-9999.9M-9999.9M-9999.9M-9999.9M-9999.9M-9999.9M-9999.9M-9999.9M
 2020  1 -9999.9M-9999.9M-9999.9M-9999.9M-9999.9M-9999.9M-9999.9M-9999.9M-9999.9M-9999.9M-9999.9M-9999.9M-9999.9M-9999.9M-9999.9M-9999.9M-9999.9M-9999.9M-9999.9M-9999.9M-9999.9M-9999.9M-9999.9M-9999.9M-9999.9M-9999.9M-9999.9M-9999.9M-9999.9M-9999.9M  -35.0 
 2020  2   -31.8   -32.8   -35.5   -29.9   -27.9   -29.0   -32.7   -35.8   -33.1   -31.7   -31.5   -30.9   -33.0   -36.8   -34.4   -33.4   -30.1   -25.0   -16.8   -16.4   -15.1   -17.6   -21.4   -26.8   -25.8   -27.6   -34.1   -32.0   -31.1 -9999.9M-9999.9M
 2020  3   -29.5   -35.5   -34.3   -37.8   -35.0   -30.6   -26.3   -27.0 -9999.9M  -26.7   -31.8   -34.7   -19.1    -7.3   -17.4   -18.2   -16.6   -14.0    -4.6 -9999.9M   -6.4   -15.8   -20.6   -16.2   -14.2   -25.1   -31.3   -27.5   -28.6   -23.9   -17.8 
 2020  4   -13.7   -16.7   -18.4   -15.6   -10.7    -8.6   -12.5   -15.7   -16.0   -15.5   -18.4   -10.2    -6.8    -8.8    -3.1    -8.9   -14.1   -15.1   -14.9   -14.4   -15.3   -12.8   -17.3   -20.7   -20.2   -14.2   -13.3   -14.4   -20.4   -18.4 -9999.9M
 2020  5   -12.2    -9.4   -12.4   -13.2    -8.1    -6.7   -11.0    -8.9    -2.5     0.8    -2.6    -7.2 -9999.9M   -5.2    -5.1    -5.5    -5.3    -4.0    -3.3    -1.6     0.9    -1.1    -1.7     0.0     0.8    -2.8    -2.5     2.0     1.3    -3.3    -2.8 
 2020  6    -2.9    -1.5    -2.2    -0.9    -0.2     1.5     5.8    12.8     7.1     6.1     4.7     3.5     7.1     7.5    15.0    15.7    14.9     7.2     5.1     4.0     2.8     8.8     2.3     2.3     0.2     0.1     2.2     5.9     6.9     8.2 -9999.9M
 2020  7     4.9     3.4     4.0     3.9     4.1     5.2     2.6     1.8     2.7     5.3     5.8     8.6    10.3     7.5     7.9     7.3     5.1     6.0     5.4     5.3     3.8     5.7    10.0    13.7    11.7    11.0    16.1     9.1     8.0    13.8    16.1 
 2020  8    10.7     7.6    11.7     9.8     6.8    10.6    11.3     7.7     6.8     9.3     8.3     8.2     9.2     7.1     8.0     8.2     8.5     9.5     6.9     8.3    13.8     9.2    14.6    12.2     7.3     3.8     5.2     5.8     4.5     5.5     8.9 
 2020  9     9.5     9.2     5.3     3.2     2.1     3.1     4.7     1.0     1.0     0.7     2.5    -1.7     0.7    -0.9    -2.0     2.9     6.3     6.3     5.6     1.6     1.5     2.6     1.4     0.8     2.0     2.9     2.1     1.9     1.4     2.3 -9999.9M
 2020 10     2.0     3.6     5.7     3.1     0.8    -0.4    -0.9    -0.9    -1.2    -2.8    -3.6    -6.4    -6.2    -6.2    -7.9    -6.9    -8.5   -10.2    -8.5    -7.3    -7.0    -4.0    -4.2    -6.5    -7.9   -12.7   -10.9    -8.0   -11.3 -9999.9M-9999.9M
 2020 11 -9999.9M-9999.9M-9999.9M-9999.9M-9999.9M-9999.9M-9999.9M-9999.9M-9999.9M-9999.9M-9999.9M-9999.9M-9999.9M-9999.9M-9999.9M-9999.9M-9999.9M-9999.9M-9999.9M-9999.9M-9999.9M-9999.9M-9999.9M-9999.9M-9999.9M-9999.9M-9999.9M-9999.9M-9999.9M-9999.9M-9999.9M
 2020 12   -16.6   -12.9    -5.9   -15.2   -17.3 -9999.9M-9999.9M-9999.9M-9999.9M-9999.9M-9999.9M-9999.9M-9999.9M-9999.9M-9999.9M-9999.9M-9999.9M-9999.9M-9999.9M-9999.9M-9999.9M-9999.9M-9999.9M-9999.9M-9999.9M-9999.9M-9999.9M-9999.9M-9999.9M-9999.9M-9999.9M
 2021  1 -9999.9M-9999.9M-9999.9M-9999.9M-9999.9M-9999.9M-9999.9M-9999.9M-9999.9M-9999.9M-9999.9M-9999.9M-9999.9M-9999.9M-9999.9M-9999.9M-9999.9M-9999.9M-9999.9M-9999.9M-9999.9M-9999.9M-9999.9M-9999.9M-9999.9M-9999.9M-9999.9M-9999.9M-9999.9M-9999.9M-9999.9M
 2021  2 -9999.9M-9999.9M-9999.9M-9999.9M-9999.9M-9999.9M-9999.9M-9999.9M-9999.9M-9999.9M-9999.9M-9999.9M-9999.9M-9999.9M-9999.9M-9999.9M-9999.9M-9999.9M-9999.9M-9999.9M-9999.9M-9999.9M-9999.9M-9999.9M-9999.9M-9999.9M-9999.9M-9999.9M-9999.9M-9999.9M-9999.9M
 2021  3 -9999.9M-9999.9M-9999.9M-9999.9M-9999.9M-9999.9M-9999.9M-9999.9M-9999.9M-9999.9M-9999.9M-9999.9M-9999.9M-9999.9M-9999.9M-9999.9M-9999.9M-9999.9M-9999.9M-9999.9M-9999.9M-9999.9M-9999.9M-9999.9M-9999.9M-9999.9M-9999.9M-9999.9M-9999.9M-9999.9M-9999.9M
 2021  4 -9999.9M-9999.9M-9999.9M-9999.9M-9999.9M-9999.9M-9999.9M-9999.9M-9999.9M-9999.9M-9999.9M-9999.9M-9999.9M-9999.9M-9999.9M-9999.9M-9999.9M-9999.9M   -2.9 -9999.9M  -13.2   -14.4   -11.8    -6.1   -12.0   -14.6   -11.4    -7.6    -7.0    -9.5 -9999.9M
 2021  5    -9.7    -6.9    -9.1    -6.5    -2.5    -4.0    -7.9    -5.3    -6.5    -7.3    -7.7   -10.2   -11.3    -5.1    -1.8    -3.4    -3.6    -2.9    -3.9    -2.7    -2.0    -0.9    -0.2     1.8    -0.9 -9999.9M   -2.6    -2.7    -1.6     2.5     0.7 
 2021  6    -1.3    -1.4     0.8     0.4     0.2    -0.3     0.2     6.1    10.0    16.6     9.8     6.8     3.6     6.3    10.8    13.8     5.8     6.4    11.3    20.1     9.4     2.4     6.3    10.0    12.2     6.5    15.9    16.0    12.8     8.3 -9999.9M
 2021  7     4.2     1.3     7.7    10.7     9.9    10.7    14.0    13.9    16.2    14.1    10.5    11.6    10.3 -9999.9M    4.7     8.7    17.3    14.0    14.2    20.6    20.0    10.9     9.9    10.6     8.8     7.2     7.1     7.6    11.8    14.7    14.2 
 2021  8    17.9     7.6     7.9    10.2    10.9     3.9     4.4     7.3     3.9     6.1    12.3     9.2     4.6     6.9    10.8     7.8     7.6     6.1     5.0    10.3    11.0     8.9     9.2     4.6     5.4    16.1     9.1    10.3     7.2     9.0     3.1 
 2021  9     4.7     7.3     6.0     6.0     6.1     4.8     7.6     9.4     9.6     8.1     7.0     5.8     4.9     3.7     5.6     7.9     6.0     4.7     4.1     5.4     1.5     0.9 -9999.9M-9999.9M-9999.9M-9999.9M    0.0    -1.4    -0.4    -1.4 -9999.9M
 2021 10    -0.3     1.3    -0.5    -2.5    -3.0    -1.6    -0.9    -3.6    -2.8    -2.9    -2.5    -3.4    -1.2    -3.0    -4.0    -4.5    -4.5    -4.8    -6.8    -5.9    -2.2    -1.1    -1.0    -2.7    -2.8    -2.7    -2.6    -3.5    -4.8    -5.9    -5.7 
 2021 11    -3.8    -4.3    -7.9    -5.7    -6.1    -8.2    -7.9    -8.6    -9.6    -7.5    -8.0   -12.6    -9.5   -12.2   -15.3   -19.0   -16.7   -19.2   -19.4   -23.9   -23.7   -24.8   -24.9   -31.1   -24.0   -17.9   -21.3   -23.9   -26.8   -31.5 -9999.9M
 2021 12   -31.2   -30.2   -30.4   -30.0 -9999.9M-9999.9M-9999.9M-9999.9M-9999.9M-9999.9M  -22.8   -23.1   -27.3   -28.8   -31.2   -33.4   -29.5   -27.4   -31.5   -26.4   -20.4   -22.8   -21.9   -26.0   -29.7   -23.4   -20.3   -27.7   -32.1   -31.2   -34.4 
 2022  1   -33.0   -32.5   -31.4   -29.5   -22.1   -20.5   -26.3   -28.8   -31.9   -32.5   -30.9   -28.3   -29.9   -32.7   -34.2   -33.7   -33.2   -30.3   -29.2   -32.3   -31.2   -28.6   -19.6   -14.6    -7.9   -19.2   -28.5   -28.9   -24.8   -20.4   -25.1 
 2022  2   -31.4   -33.5   -28.3   -31.5   -33.8   -33.9   -38.1   -40.3   -35.6   -27.4   -30.3   -31.6   -34.6   -36.9   -34.7   -33.3   -29.0   -26.0   -32.0   -33.9   -28.3   -19.3   -14.3   -24.6   -29.9   -31.9   -28.0   -24.5 -9999.9M-9999.9M-9999.9M
 2022  3   -24.9   -21.1   -19.0   -16.4   -12.0   -14.3   -17.9   -20.1   -25.0   -28.8   -25.4   -26.3   -26.1   -21.9   -24.5   -27.3   -22.6   -23.3   -26.6   -26.6   -26.3   -25.9   -27.7   -28.9   -27.4   -26.2   -25.0   -25.8   -28.4   -28.4   -29.5 
 2022  4   -28.7   -28.5   -26.8   -26.6   -24.1   -17.7    -7.6    -9.6   -15.6   -19.2   -19.9   -13.6   -14.5   -23.2   -24.2   -20.5   -12.9   -11.5    -8.7   -14.1   -17.9   -14.9    -6.7    -4.8    -9.2   -11.6   -13.0   -12.5    -8.1    -1.3 -9999.9M
 2022  5     0.7     3.0     0.5    -4.0    -3.4    -2.3    -2.4     0.4     1.4    -0.8    -0.7     4.6     0.9    -4.0    -0.8     1.8    -1.4    -1.0     0.6    -0.3    -5.0    -7.1    -4.7     4.0     1.8     3.2    -0.3    -1.5     0.1     0.5    -0.8 
 2022  6     3.2     5.7    -0.9    -3.2    -3.3    -2.2    -1.2    -1.2    -1.7     3.5     1.2     1.0     2.6     2.5     0.8     4.2    14.2    15.6     6.1     2.4     1.5     5.8     6.8     4.3     5.9     8.4    16.5    12.3     9.2    11.2 -9999.9M
 2022  7    16.5    20.8    22.6    22.6    18.5    12.7    11.3    18.5    17.7    13.7    11.4     6.0     3.6     2.6     5.1    10.9    13.9    12.9    15.2    12.7    10.7    14.7    10.8     7.5     7.9    13.7    10.5     7.0     5.1     4.6    11.0 
 2022  8    14.4    12.9    11.5    11.5    18.8    12.8     7.3    10.9    12.5     5.2     8.7    14.0    14.5     6.7    10.0    10.4    12.4    10.2     4.7 -9999.9M    3.8     3.1     7.6    10.6    12.0     9.5     8.8     6.3     7.7     8.2    12.0 
 2022  9    13.3    14.0    12.6    11.9     4.6     1.7     3.4     3.5     5.0     3.1     1.7     1.5     1.7     2.4     1.9     4.7     6.7     8.0     8.6     5.5     2.8     1.0     0.7    -1.5    -1.1 -9999.9M   -0.7    -2.4    -1.4     0.2 -9999.9M
 2022 10    -2.0    -5.1    -4.8    -1.3     0.4     2.8     5.8     0.9     1.8    -1.2    -2.5    -3.3    -4.9 -9999.9M   -5.0    -5.7    -1.7    -2.7    -4.0    -4.7    -7.2    -8.5    -9.0    -9.3   -11.5   -12.4   -10.1   -11.2   -14.2   -12.6   -12.8 
 2022 11   -13.1   -15.4   -12.4   -12.8   -15.3   -15.8 -9999.9M  -14.6    -7.8    -9.5    -7.3    -8.1   -11.2   -11.0   -17.3   -12.0    -6.7    -5.9    -4.7    -8.1    -9.4   -10.1   -14.4   -13.7   -11.5   -17.2   -24.7   -26.1   -23.1   -19.3 -9999.9M
 2022 12   -20.9   -13.1    -9.5   -24.8   -29.5   -28.7   -27.3   -31.5   -27.7   -19.9   -24.3 -9999.9M  -16.5 -9999.9M-9999.9M-9999.9M-9999.9M-9999.9M-9999.9M-9999.9M-9999.9M-9999.9M-9999.9M-9999.9M-9999.9M-9999.9M-9999.9M-9999.9M-9999.9M-9999.9M-9999.9M
