2403756, STEFANSSON ISLAND   , NU  , station not joined, Homogenized daily mean temperature           , Deg Celcius,          Updated to 2022
2403756, STEFANSSON ISLAND   , NU  , station non jointe, Temperature quotidienne moyenne homogeneisee , Deg Celcius, Mise a jour jusqu a 2022
 Year Mo  Day 01  Day 02  Day 03  Day 04  Day 05  Day 06  Day 07  Day 08  Day 09  Day 10  Day 11  Day 12  Day 13  Day 14  Day 15  Day 16  Day 17  Day 18  Day 19  Day 20  Day 21  Day 22  Day 23  Day 24  Day 25  Day 26  Day 27  Day 28  Day 29  Day 30  Day 31
Annee Mo Jour 01 Jour 02 Jour 03 Jour 04 Jour 05 Jour 06 Jour 07 Jour 08 Jour 09 Jour 10 Jour 11 Jour 12 Jour 13 Jour 14 Jour 15 Jour 16 Jour 17 Jour 18 Jour 19 Jour 20 Jour 21 Jour 22 Jour 23 Jour 24 Jour 25 Jour 26 Jour 27 Jour 28 Jour 29 Jour 30 Jour 31
 2002  8     1.8     3.5     1.3     7.2     6.2     4.2     3.3     3.0     0.4     0.8    -0.1    -0.8     0.8     2.5     0.2     3.9     0.0    -0.3     4.0     2.6     3.7     0.7     0.4     1.6     1.3    -1.0     1.3     4.4     7.5     2.9     2.0 
 2002  9     2.0    -1.7    -0.3    -2.7    -2.4    -1.1     0.2     2.1     2.0     2.0     2.6     1.8    -2.7    -2.3    -1.2    -3.4    -3.5    -1.7    -0.1    -3.0    -4.5    -5.3    -3.7    -2.1    -5.1    -4.8    -6.0    -5.5   -10.1   -11.9 -9999.9M
 2002 10 -9999.9M-9999.9M-9999.9M-9999.9M-9999.9M-9999.9M-9999.9M-9999.9M-9999.9M-9999.9M-9999.9M-9999.9M-9999.9M-9999.9M-9999.9M-9999.9M-9999.9M-9999.9M-9999.9M-9999.9M-9999.9M-9999.9M-9999.9M-9999.9M-9999.9M   -9.9   -10.1    -7.2   -12.7   -20.7   -20.9 
 2002 11   -19.8   -16.0   -18.1   -17.8   -21.5   -20.9   -18.1   -18.0   -23.2   -26.2   -24.9   -27.2   -28.2   -26.6   -24.5   -19.7 -9999.9M-9999.9M-9999.9M-9999.9M-9999.9M-9999.9M-9999.9M-9999.9M-9999.9M-9999.9M-9999.9M-9999.9M-9999.9M-9999.9M-9999.9M
 2002 12   -19.7   -16.5   -21.0   -22.4   -27.8   -30.0   -32.8   -32.9   -29.7   -25.5   -20.9   -18.0   -15.7   -15.8   -14.8   -20.9   -24.1   -21.5   -18.6   -17.7   -18.3   -26.3   -29.5   -31.4   -36.2   -36.2   -36.6   -35.0   -33.7   -32.6   -28.9 
 2003  1   -29.0   -22.3   -28.8   -32.3   -25.0   -18.9   -20.4   -21.2   -27.2   -30.4   -28.1   -25.1   -23.2   -25.7   -26.2   -28.5   -28.8   -30.7   -29.8   -27.8   -33.7   -31.2   -28.8   -25.6   -26.3   -35.3   -40.2   -36.9   -36.3   -34.8   -31.0 
 2003  2   -32.2   -34.9   -37.6   -30.6   -28.7   -33.8   -29.7   -30.0   -29.4   -29.6   -30.5   -33.6   -29.2   -33.1   -33.0   -33.6   -36.2   -37.8   -31.1   -33.1   -36.4   -31.0   -34.4   -37.0   -41.1   -41.1   -40.9   -40.2 -9999.9M-9999.9M-9999.9M
 2003  3   -39.2   -34.7   -34.5   -29.2   -25.1   -21.5   -26.3   -25.9   -31.5   -38.5   -39.1   -36.6   -37.4   -43.1   -44.5   -42.0   -39.5   -37.2   -35.4   -34.1   -33.7   -32.9   -30.8   -27.3   -27.5   -31.0   -32.6   -31.1   -32.7   -34.7   -31.5 
 2003  4   -25.8   -25.5   -23.6   -18.9   -20.9   -25.6   -27.6   -27.0   -24.6   -22.5   -26.8   -28.3   -26.1   -25.5   -23.6   -23.9   -24.0   -23.5   -21.0   -21.1   -20.5   -17.4    -7.9   -10.2   -16.7   -19.9   -19.0   -19.0   -22.1   -21.3 -9999.9M
 2003  5   -19.4   -18.2   -12.9   -14.1    -7.5   -12.4   -13.1   -14.1   -15.0   -16.3   -17.7   -18.1   -16.1   -15.6    -6.9    -8.6   -12.1   -12.6   -11.3   -11.2   -13.6   -10.8    -8.1    -8.2    -6.4    -5.6    -9.1    -7.9    -1.3    -0.9    -3.0 
 2003  6    -5.2    -6.9    -3.2    -2.6    -2.2    -2.5    -2.5    -4.2    -5.4    -7.0    -2.9    -1.9    -1.4    -1.3    -1.6     0.2    -2.5    -2.4    -0.3    -0.3     0.3     0.5     0.0    -1.0    -0.6     0.3     1.0     1.4     0.4     0.0 -9999.9M
 2003  7     2.2     2.4     2.7     5.1     6.4     4.6     8.7    12.2     8.8     1.5     3.5     4.1     5.1     5.7     5.1     9.2     3.0     2.9     1.8     0.8     1.3     2.9     4.6     3.6     7.9     5.4     3.1     4.2     1.4     5.8     1.3 
 2003  8     0.7    -0.3     0.0     0.5     2.9     4.4     2.1     1.1     1.3    -0.5     2.4    -1.0    -0.8    -1.3    -0.8    -0.3     0.6    -1.4    -1.0    -0.6     0.2     3.6     2.0     3.0     3.6     1.7     0.5    -1.5    -0.9     0.6    -1.0 
 2003  9     1.4     0.2     0.9     2.3     2.1    -1.0    -3.4    -4.0    -0.8    -0.1     1.6     0.9    -1.7    -3.4    -2.8    -3.8    -6.1    -4.3    -1.4    -2.7    -3.1    -5.1    -5.7    -4.9    -7.6    -6.4    -4.5    -6.0    -7.2    -6.4 -9999.9M
 2003 10    -2.1    -4.6    -8.1    -4.6    -1.9    -4.4    -8.8   -12.4   -15.3   -17.5   -17.5   -14.4   -18.2   -15.5   -13.1    -9.7    -7.0   -12.6   -12.7    -7.9    -4.0    -6.3   -12.8   -17.3   -21.7   -17.8   -21.9   -14.4   -21.8   -20.5   -20.0 
 2003 11   -17.4   -14.8   -19.6   -22.2   -26.8   -21.0   -14.2   -17.9   -20.5   -24.5   -19.6   -14.8   -14.7   -19.0   -14.7   -22.6   -27.3   -21.4   -17.6   -23.6   -23.4   -28.6   -22.7   -20.5   -21.2   -17.8   -23.8   -28.1   -27.9   -30.0 -9999.9M
 2003 12   -29.7   -23.9   -19.9   -20.2   -29.6   -32.3   -31.3   -33.2   -29.5   -28.4   -33.6   -34.8   -35.4   -36.3   -37.0   -36.3   -39.1   -35.2   -33.8   -33.5   -28.4   -27.1   -21.9   -26.7   -27.9   -28.1   -30.9   -29.7   -28.6   -27.7   -30.0 
 2004  1 -9999.9M-9999.9M-9999.9M-9999.9M-9999.9M-9999.9M-9999.9M-9999.9M-9999.9M-9999.9M-9999.9M-9999.9M-9999.9M-9999.9M-9999.9M-9999.9M-9999.9M-9999.9M-9999.9M-9999.9M-9999.9M-9999.9M-9999.9M-9999.9M-9999.9M-9999.9M-9999.9M-9999.9M-9999.9M-9999.9M-9999.9M
 2004  2 -9999.9M-9999.9M-9999.9M-9999.9M-9999.9M-9999.9M-9999.9M-9999.9M-9999.9M-9999.9M-9999.9M-9999.9M-9999.9M-9999.9M-9999.9M-9999.9M-9999.9M-9999.9M-9999.9M-9999.9M-9999.9M-9999.9M  -37.4   -38.2   -39.9   -34.0   -34.6   -32.5   -38.2 -9999.9M-9999.9M
 2004  3   -37.9   -33.2   -38.9   -40.1   -43.9   -43.2   -41.7   -43.7   -39.7   -32.7   -32.4   -39.4   -38.9   -35.1   -34.4   -34.6   -35.6   -39.3   -37.0   -28.4   -34.7   -36.9   -35.7   -35.3   -39.0   -37.7   -37.4   -35.9   -34.5   -30.6   -31.3 
 2004  4   -30.8   -32.6   -28.2   -28.5   -30.8   -31.1   -26.5   -20.9   -23.7   -23.4   -31.2   -26.5   -18.2   -21.1E  -23.2   -24.0   -24.7   -27.0   -23.3   -26.7   -24.0   -24.1   -23.5   -24.5   -21.5   -21.9   -21.9   -20.2   -20.3   -19.6 -9999.9M
 2004  5   -19.3   -20.7   -14.6   -12.0   -16.6   -16.5   -13.5   -11.0    -2.9    -7.0    -9.9   -11.8   -12.9   -13.8   -13.6   -16.3   -15.0   -16.8   -13.3   -13.2   -13.0   -13.8   -12.7   -10.9   -11.5    -9.8   -11.6   -10.6    -7.6    -8.9    -8.7 
 2004  6   -10.8   -10.4    -7.1    -6.2    -8.0    -5.6    -4.6    -1.6    -1.7    -3.2    -1.9    -0.8    -1.5    -2.0    -2.8    -2.7    -1.6     0.7     0.0    -0.5    -0.7    -0.5     0.0    -0.2     0.6     0.9     0.3     1.8     1.4     0.3 -9999.9M
 2004  7     0.6     1.7     3.4    -0.5     4.8     5.7     1.5     2.3     5.5     6.4     3.5     1.5    -0.1     0.1     0.8     0.7     0.7     0.3     0.0    -0.1     1.7     3.5     1.0     4.1     0.9     3.1     3.6     2.0    -0.4     0.0    -0.4 
 2004  8     0.8     0.5     3.4     1.2     0.6     0.7     0.8     4.1     1.7     1.3     4.0     3.2    -0.2     0.2     0.3    -0.1     0.1    -1.4    -0.6    -0.3    -0.6    -0.7    -1.3    -1.2    -1.2    -2.3    -1.2    -0.1     3.6     1.4    -1.4 
 2004  9    -0.3     0.6    -1.6    -1.5    -3.7    -4.1    -5.0    -2.8    -5.0    -3.0    -4.9    -4.3    -3.6    -4.1   -10.3    -6.9    -5.6    -5.2    -5.1    -4.5    -3.3    -3.4    -8.0   -12.9   -13.4   -11.7   -14.8   -14.9   -16.0   -12.2 -9999.9M
 2004 10   -16.3   -13.2   -16.5   -16.2   -16.6    -9.1    -8.1   -18.9   -21.3   -13.9   -17.4   -16.2   -16.7   -21.6   -18.4   -15.8   -15.1   -11.2    -9.5   -11.6 -9999.9M-9999.9M-9999.9M-9999.9M-9999.9M-9999.9M-9999.9M-9999.9M-9999.9M-9999.9M-9999.9M
 2004 11 -9999.9M-9999.9M-9999.9M-9999.9M-9999.9M-9999.9M-9999.9M-9999.9M-9999.9M-9999.9M-9999.9M-9999.9M-9999.9M-9999.9M-9999.9M-9999.9M-9999.9M-9999.9M-9999.9M-9999.9M-9999.9M-9999.9M-9999.9M-9999.9M-9999.9M-9999.9M-9999.9M-9999.9M-9999.9M-9999.9M-9999.9M
 2004 12 -9999.9M-9999.9M-9999.9M-9999.9M-9999.9M-9999.9M-9999.9M-9999.9M-9999.9M-9999.9M-9999.9M-9999.9M-9999.9M-9999.9M-9999.9M-9999.9M-9999.9M-9999.9M-9999.9M-9999.9M-9999.9M-9999.9M-9999.9M-9999.9M-9999.9M-9999.9M-9999.9M-9999.9M-9999.9M-9999.9M-9999.9M
 2005  1 -9999.9M-9999.9M-9999.9M-9999.9M-9999.9M-9999.9M-9999.9M-9999.9M-9999.9M-9999.9M-9999.9M-9999.9M-9999.9M-9999.9M-9999.9M-9999.9M-9999.9M-9999.9M-9999.9M-9999.9M-9999.9M-9999.9M-9999.9M-9999.9M-9999.9M-9999.9M-9999.9M-9999.9M-9999.9M-9999.9M-9999.9M
 2005  2 -9999.9M-9999.9M-9999.9M-9999.9M-9999.9M-9999.9M-9999.9M-9999.9M-9999.9M-9999.9M-9999.9M-9999.9M-9999.9M-9999.9M-9999.9M-9999.9M-9999.9M-9999.9M-9999.9M-9999.9M-9999.9M-9999.9M-9999.9M-9999.9M-9999.9M-9999.9M-9999.9M-9999.9M-9999.9M-9999.9M-9999.9M
 2005  3 -9999.9M-9999.9M-9999.9M-9999.9M-9999.9M-9999.9M-9999.9M-9999.9M-9999.9M-9999.9M-9999.9M-9999.9M-9999.9M-9999.9M-9999.9M-9999.9M-9999.9M-9999.9M-9999.9M-9999.9M-9999.9M-9999.9M-9999.9M-9999.9M-9999.9M-9999.9M-9999.9M-9999.9M-9999.9M-9999.9M-9999.9M
 2005  4 -9999.9M-9999.9M-9999.9M-9999.9M-9999.9M-9999.9M-9999.9M-9999.9M-9999.9M-9999.9M-9999.9M-9999.9M-9999.9M-9999.9M-9999.9M-9999.9M-9999.9M-9999.9M-9999.9M-9999.9M-9999.9M-9999.9M-9999.9M-9999.9M-9999.9M-9999.9M-9999.9M-9999.9M-9999.9M-9999.9M-9999.9M
 2005  5 -9999.9M-9999.9M-9999.9M-9999.9M-9999.9M-9999.9M-9999.9M-9999.9M-9999.9M-9999.9M-9999.9M-9999.9M-9999.9M-9999.9M-9999.9M-9999.9M-9999.9M-9999.9M-9999.9M-9999.9M-9999.9M-9999.9M-9999.9M-9999.9M-9999.9M-9999.9M-9999.9M   -4.4    -4.1    -3.6    -2.2 
 2005  6    -2.6    -4.0    -1.1    -2.3    -2.6    -1.9    -0.6    -1.7     0.1     1.6     1.9     1.1     0.3     1.0     0.4     0.1    -1.2    -0.8    -0.3    -0.5     0.4     0.5     0.4     0.1     0.4     0.7     0.7     0.6     5.6     3.8 -9999.9M
 2005  7     0.5     0.7     1.1     3.2     3.9     2.9     8.2     5.7     8.3     1.2     1.4     2.8     1.1     2.3     0.9     0.6     1.8     0.7     0.4     0.4     0.3     0.6     0.8     0.5     1.1     0.6     0.7     1.1     2.8     2.2     1.7 
 2005  8     5.7     2.2     1.0     0.7     3.7     0.8     1.6     1.6     2.5     1.1     1.8     1.0    -0.3    -0.6     0.1     2.3     1.5     0.9     0.9     4.4     3.3     0.9     0.6     0.5     1.2     0.6     1.2    -0.2    -2.0    -3.0    -3.0 
 2005  9    -1.2     0.2     4.3     2.6     2.8    -2.1    -3.3    -5.2    -5.2    -6.4    -6.8    -5.0    -3.7    -4.4    -5.5    -7.0    -6.1    -5.3    -4.3    -4.4    -4.4    -8.1    -8.1    -7.0    -6.1    -7.6   -11.1   -13.4   -13.0   -14.4 -9999.9M
 2005 10   -10.5   -11.0   -12.5   -14.7   -11.6   -10.2   -16.8   -14.6   -12.7   -18.9   -21.0   -20.4   -19.6   -17.7   -18.9   -25.7   -27.4   -22.0   -14.6   -11.4   -13.1   -15.7    -4.9    -5.1    -4.4    -5.2    -5.4   -11.5   -20.7   -22.3   -21.6 
 2005 11   -20.1   -23.4   -23.7   -23.5   -29.4   -31.7   -27.2   -20.2   -23.8   -22.3   -23.2   -24.5   -25.9   -23.6   -27.2   -26.2   -30.2   -36.2   -37.7   -36.9   -26.2   -31.3   -32.7   -29.8   -22.2   -24.9   -23.7   -18.4   -23.7 -9999.9M-9999.9M
 2005 12   -26.3 -9999.9M-9999.9M-9999.9M-9999.9M-9999.9M-9999.9M-9999.9M-9999.9M-9999.9M-9999.9M-9999.9M-9999.9M-9999.9M-9999.9M-9999.9M-9999.9M-9999.9M-9999.9M-9999.9M-9999.9M-9999.9M-9999.9M-9999.9M-9999.9M-9999.9M-9999.9M-9999.9M-9999.9M-9999.9M-9999.9M
 2006  1 -9999.9M-9999.9M-9999.9M-9999.9M-9999.9M-9999.9M-9999.9M-9999.9M-9999.9M-9999.9M-9999.9M-9999.9M-9999.9M-9999.9M-9999.9M-9999.9M-9999.9M-9999.9M-9999.9M-9999.9M-9999.9M-9999.9M-9999.9M-9999.9M-9999.9M-9999.9M-9999.9M-9999.9M-9999.9M-9999.9M-9999.9M
 2006  2   -36.3   -33.7   -29.0   -28.5   -28.5   -30.0   -30.0   -24.4   -24.9   -32.4   -31.7   -33.1   -31.7   -30.3   -23.8   -24.8   -21.1   -22.9   -25.5   -22.6   -23.7   -27.1   -36.8   -43.7   -38.5   -29.2   -24.6   -31.0 -9999.9M-9999.9M-9999.9M
 2006  3   -27.2   -22.3   -28.8   -34.1   -30.7   -22.4   -23.1   -30.9   -34.7   -33.2   -33.2   -35.3   -38.0   -38.0   -39.7   -38.6   -26.6   -27.8   -31.6   -24.1   -15.6   -19.1   -24.3   -18.9   -20.9   -25.9   -29.7   -25.4   -20.9   -21.6   -22.5 
 2006  4   -24.2   -31.0   -26.9   -28.2   -25.1   -18.9   -16.1   -20.0   -26.5   -29.9   -26.5   -26.3   -26.8   -27.0   -26.3   -24.9   -19.3   -21.6   -20.8   -21.6   -22.1   -22.1   -22.6   -13.5   -18.0   -18.6   -12.0   -13.5   -11.5   -14.5 -9999.9M
 2006  5   -15.3   -12.1   -14.4   -14.9   -13.8   -10.5    -7.5    -2.7    -3.6    -3.6    -3.3    -1.0    -4.2    -4.5    -5.0    -9.3    -9.2    -7.8    -5.1    -4.8    -6.6    -6.6    -6.1    -5.4    -5.7    -6.2    -1.9    -0.5     0.2    -0.7    -1.6 
 2006  6    -4.6    -3.9    -1.0     1.2     1.1    -4.0    -4.0    -3.0    -0.6    -1.1     0.7     2.2     0.7     0.2    -0.2     0.8     0.7     0.4     0.3    -0.1    -0.7     3.6     2.4     1.9     0.8     2.4     2.1     1.9     0.4     0.5 -9999.9M
 2006  7     1.5     0.4     1.2 -9999.9M-9999.9M-9999.9M-9999.9M-9999.9M-9999.9M-9999.9M-9999.9M-9999.9M-9999.9M-9999.9M-9999.9M-9999.9M-9999.9M-9999.9M-9999.9M-9999.9M-9999.9M-9999.9M-9999.9M-9999.9M-9999.9M-9999.9M-9999.9M-9999.9M-9999.9M-9999.9M-9999.9M
 2006  8 -9999.9M-9999.9M-9999.9M-9999.9M-9999.9M-9999.9M-9999.9M-9999.9M-9999.9M-9999.9M-9999.9M-9999.9M-9999.9M-9999.9M-9999.9M-9999.9M-9999.9M-9999.9M-9999.9M-9999.9M-9999.9M-9999.9M-9999.9M-9999.9M-9999.9M-9999.9M-9999.9M-9999.9M-9999.9M-9999.9M-9999.9M
 2006  9 -9999.9M-9999.9M-9999.9M-9999.9M-9999.9M-9999.9M-9999.9M-9999.9M-9999.9M-9999.9M-9999.9M-9999.9M-9999.9M-9999.9M-9999.9M-9999.9M-9999.9M-9999.9M-9999.9M-9999.9M-9999.9M-9999.9M-9999.9M-9999.9M-9999.9M-9999.9M-9999.9M-9999.9M-9999.9M-9999.9M-9999.9M
 2006 10 -9999.9M-9999.9M-9999.9M-9999.9M-9999.9M-9999.9M-9999.9M-9999.9M-9999.9M-9999.9M-9999.9M-9999.9M-9999.9M-9999.9M-9999.9M-9999.9M-9999.9M-9999.9M-9999.9M-9999.9M-9999.9M-9999.9M-9999.9M-9999.9M-9999.9M-9999.9M-9999.9M-9999.9M-9999.9M-9999.9M-9999.9M
 2006 11 -9999.9M-9999.9M-9999.9M-9999.9M-9999.9M-9999.9M-9999.9M-9999.9M-9999.9M-9999.9M-9999.9M-9999.9M-9999.9M-9999.9M-9999.9M-9999.9M-9999.9M-9999.9M-9999.9M-9999.9M-9999.9M-9999.9M-9999.9M-9999.9M-9999.9M-9999.9M-9999.9M-9999.9M-9999.9M-9999.9M-9999.9M
 2006 12 -9999.9M-9999.9M-9999.9M-9999.9M-9999.9M-9999.9M-9999.9M-9999.9M-9999.9M-9999.9M-9999.9M-9999.9M-9999.9M-9999.9M-9999.9M-9999.9M-9999.9M-9999.9M-9999.9M-9999.9M-9999.9M-9999.9M-9999.9M-9999.9M-9999.9M-9999.9M-9999.9M-9999.9M-9999.9M-9999.9M-9999.9M
 2007  1 -9999.9M-9999.9M-9999.9M-9999.9M-9999.9M-9999.9M-9999.9M-9999.9M-9999.9M-9999.9M-9999.9M-9999.9M-9999.9M-9999.9M-9999.9M-9999.9M-9999.9M-9999.9M-9999.9M-9999.9M-9999.9M-9999.9M-9999.9M-9999.9M-9999.9M-9999.9M-9999.9M-9999.9M-9999.9M-9999.9M-9999.9M
 2007  2 -9999.9M-9999.9M-9999.9M-9999.9M-9999.9M-9999.9M-9999.9M-9999.9M-9999.9M-9999.9M-9999.9M-9999.9M-9999.9M-9999.9M-9999.9M-9999.9M-9999.9M-9999.9M-9999.9M-9999.9M-9999.9M-9999.9M-9999.9M-9999.9M-9999.9M-9999.9M-9999.9M-9999.9M-9999.9M-9999.9M-9999.9M
 2007  3 -9999.9M-9999.9M-9999.9M-9999.9M-9999.9M-9999.9M-9999.9M-9999.9M-9999.9M-9999.9M-9999.9M-9999.9M-9999.9M-9999.9M-9999.9M-9999.9M-9999.9M-9999.9M-9999.9M-9999.9M-9999.9M-9999.9M-9999.9M-9999.9M-9999.9M-9999.9M-9999.9M-9999.9M-9999.9M-9999.9M-9999.9M
 2007  4 -9999.9M-9999.9M-9999.9M-9999.9M-9999.9M-9999.9M-9999.9M-9999.9M-9999.9M-9999.9M-9999.9M-9999.9M-9999.9M-9999.9M-9999.9M-9999.9M-9999.9M-9999.9M-9999.9M-9999.9M-9999.9M-9999.9M-9999.9M-9999.9M-9999.9M-9999.9M-9999.9M-9999.9M-9999.9M-9999.9M-9999.9M
 2007  5 -9999.9M-9999.9M-9999.9M-9999.9M-9999.9M-9999.9M-9999.9M-9999.9M-9999.9M-9999.9M-9999.9M-9999.9M-9999.9M-9999.9M-9999.9M-9999.9M-9999.9M-9999.9M-9999.9M-9999.9M-9999.9M-9999.9M-9999.9M-9999.9M-9999.9M-9999.9M    0.7 -9999.9M-9999.9M-9999.9M   -7.6 
 2007  6    -3.1    -3.8    -5.1    -5.1    -1.8     0.4     0.3    -0.2    -0.5     0.9     0.3     2.7     2.0    -0.1     0.5     0.6     0.7     1.4     0.9     0.8     1.6     4.2     4.0     2.8     2.1E    7.5     4.0     2.1     7.6     4.7 -9999.9M
 2007  7     1.7     2.4     2.5     1.7     1.9E    8.7    10.7     9.7    10.2    10.7     6.7E    7.3     8.1     6.6     3.3     4.6     4.2E    6.2     6.9     3.9     3.2 -9999.9M-9999.9M-9999.9M-9999.9M-9999.9M-9999.9M-9999.9M    3.3     6.6E-9999.9M
 2007  8 -9999.9M-9999.9M-9999.9M-9999.9M-9999.9M-9999.9M-9999.9M-9999.9M-9999.9M-9999.9M-9999.9M-9999.9M-9999.9M-9999.9M-9999.9M-9999.9M-9999.9M-9999.9M-9999.9M-9999.9M-9999.9M-9999.9M-9999.9M-9999.9M-9999.9M-9999.9M-9999.9M-9999.9M-9999.9M-9999.9M-9999.9M
 2007  9 -9999.9M-9999.9M-9999.9M-9999.9M   -2.6 -9999.9M-9999.9M-9999.9M   -3.1 -9999.9M-9999.9M-9999.9M-9999.9M-9999.9M-9999.9M-9999.9M-9999.9M-9999.9M-9999.9M-9999.9M-9999.9M-9999.9M-9999.9M-9999.9M-9999.9M-9999.9M-9999.9M-9999.9M-9999.9M-9999.9M-9999.9M
 2007 10 -9999.9M-9999.9M-9999.9M-9999.9M-9999.9M-9999.9M-9999.9M-9999.9M-9999.9M-9999.9M-9999.9M-9999.9M-9999.9M-9999.9M-9999.9M-9999.9M-9999.9M-9999.9M-9999.9M-9999.9M-9999.9M-9999.9M-9999.9M-9999.9M-9999.9M-9999.9M-9999.9M-9999.9M-9999.9M-9999.9M-9999.9M
 2007 11 -9999.9M-9999.9M-9999.9M-9999.9M-9999.9M-9999.9M-9999.9M-9999.9M-9999.9M-9999.9M-9999.9M-9999.9M-9999.9M-9999.9M-9999.9M-9999.9M-9999.9M-9999.9M-9999.9M-9999.9M-9999.9M-9999.9M-9999.9M-9999.9M-9999.9M-9999.9M-9999.9M-9999.9M-9999.9M-9999.9M-9999.9M
 2007 12 -9999.9M-9999.9M-9999.9M-9999.9M-9999.9M-9999.9M-9999.9M-9999.9M-9999.9M-9999.9M-9999.9M-9999.9M-9999.9M-9999.9M-9999.9M-9999.9M-9999.9M-9999.9M-9999.9M-9999.9M-9999.9M-9999.9M-9999.9M-9999.9M-9999.9M-9999.9M-9999.9M-9999.9M-9999.9M-9999.9M-9999.9M
 2008  1 -9999.9M-9999.9M-9999.9M-9999.9M-9999.9M-9999.9M-9999.9M-9999.9M-9999.9M-9999.9M-9999.9M-9999.9M-9999.9M-9999.9M-9999.9M-9999.9M-9999.9M-9999.9M-9999.9M-9999.9M-9999.9M-9999.9M-9999.9M-9999.9M-9999.9M-9999.9M-9999.9M-9999.9M-9999.9M-9999.9M-9999.9M
 2008  2 -9999.9M-9999.9M-9999.9M-9999.9M-9999.9M-9999.9M-9999.9M-9999.9M-9999.9M-9999.9M-9999.9M-9999.9M-9999.9M-9999.9M-9999.9M-9999.9M-9999.9M-9999.9M-9999.9M-9999.9M-9999.9M-9999.9M-9999.9M-9999.9M-9999.9M-9999.9M-9999.9M-9999.9M-9999.9M-9999.9M-9999.9M
 2008  3 -9999.9M-9999.9M-9999.9M-9999.9M-9999.9M-9999.9M-9999.9M-9999.9M-9999.9M-9999.9M-9999.9M-9999.9M-9999.9M-9999.9M-9999.9M-9999.9M-9999.9M-9999.9M-9999.9M-9999.9M-9999.9M-9999.9M-9999.9M-9999.9M-9999.9M-9999.9M-9999.9M-9999.9M-9999.9M-9999.9M-9999.9M
 2008  4 -9999.9M-9999.9M-9999.9M-9999.9M-9999.9M-9999.9M-9999.9M-9999.9M-9999.9M-9999.9M-9999.9M-9999.9M-9999.9M-9999.9M-9999.9M-9999.9M-9999.9M-9999.9M-9999.9M-9999.9M-9999.9M-9999.9M-9999.9M-9999.9M-9999.9M-9999.9M-9999.9M-9999.9M-9999.9M-9999.9M-9999.9M
 2008  5 -9999.9M-9999.9M-9999.9M-9999.9M-9999.9M-9999.9M-9999.9M-9999.9M-9999.9M-9999.9M-9999.9M-9999.9M-9999.9M-9999.9M-9999.9M   -7.7    -6.9    -2.4     0.9     0.1    -0.7    -1.2    -2.6    -2.9    -1.5    -4.1E-9999.9M   -3.3    -4.6    -3.4    -1.7 
 2008  6    -0.7    -3.9    -2.2    -3.0     0.2    -0.6    -1.3    -1.1    -2.9    -2.3    -0.7     0.9     0.5     0.1     0.3     0.5     1.2     1.3     2.4     2.6     1.2     4.1     2.4     1.6     1.5     2.6     2.1     3.2     3.6     2.3 -9999.9M
 2008  7     3.4     4.1     4.9     4.2     3.0     2.9     4.0     4.5     1.2     2.0     4.0     2.4     2.2     2.4     2.4     2.7     4.8     1.1     0.6    -0.3     1.9     1.2     1.6     2.3     1.2     1.6     1.5     2.4     2.0     6.2     4.5 
 2008  8     4.5     5.6     4.9     3.9     2.1     2.3     2.3     5.4     3.4     1.7     1.3     0.8    -0.1     1.7     0.9    -0.2    -0.2    -1.0    -1.1E   -1.1    -1.3    -2.5    -2.9    -0.4    -0.1    -0.4    -1.4    -0.6    -0.4     0.7     0.1 
 2008  9    -0.1     0.7    -1.1    -2.6E   -2.0    -0.9    -1.2    -2.4    -2.5    -3.5    -3.3    -4.1    -5.6    -6.2    -5.3E   -3.4    -3.4    -3.4    -3.6    -4.5    -5.8    -8.0    -5.0E   -3.3    -5.6    -7.6    -9.7    -8.8   -10.6   -16.6 -9999.9M
 2008 10   -17.0E   -3.6    -2.9    -3.7E   -6.4    -2.5    -0.9    -5.3    -8.7   -12.9    -8.2    -2.5    -6.5   -11.9   -16.0   -15.7   -14.3   -16.1   -13.0   -10.5    -9.2   -10.2    -9.4    -8.5   -13.9   -18.3E  -24.2   -19.0   -19.9   -20.7   -21.0 
 2008 11   -23.2   -20.5   -13.6   -13.0   -18.8E  -20.6   -18.1   -12.3   -11.1   -17.0   -22.6   -29.1   -32.3   -31.2   -25.0   -18.2   -21.4   -22.5   -26.2   -27.3   -28.6   -29.7   -30.2   -30.3   -29.5   -25.9 -9999.9M-9999.9M  -18.9   -19.0 -9999.9M
 2008 12   -25.1   -24.0   -28.4   -25.4   -24.3   -25.2E  -32.4   -33.9   -27.4   -19.4   -30.0E  -27.6   -27.1   -29.7   -34.3   -33.2   -29.8   -26.8   -23.9   -19.9   -25.7   -33.3   -33.8   -33.2   -27.2   -27.3   -31.8   -39.3   -37.7   -37.4   -31.6 
 2009  1   -25.7   -26.7   -30.3   -30.2   -32.0   -36.2   -34.0   -34.3   -35.3   -36.2   -34.1   -32.2   -31.5   -31.5   -24.0   -24.0   -25.9   -17.5   -18.9   -26.2   -29.3   -25.8   -28.2   -26.0   -24.1   -21.7   -21.6   -22.1   -25.3   -30.7   -37.2 
 2009  2   -36.1   -35.5   -36.7   -37.3   -38.6   -38.5   -32.3   -30.2   -30.4   -26.6   -30.1   -34.1   -33.8   -35.5   -40.2   -34.6   -28.1   -26.8   -32.5   -39.3   -38.3   -41.4   -39.6   -37.9   -30.1   -28.6   -26.6   -32.6 -9999.9M-9999.9M-9999.9M
 2009  3   -31.9   -27.2   -33.6   -36.1   -39.1   -40.8   -38.2   -35.3   -37.4   -38.7E  -42.3E  -40.3   -39.5   -37.3   -34.7   -35.9   -33.6   -34.6   -34.8   -34.5   -33.9   -37.1   -36.0   -38.0   -33.1   -28.1   -31.3   -32.0   -33.8   -31.2   -30.4 
 2009  4   -30.2   -30.1   -31.8   -30.5   -28.1   -26.2   -30.8   -28.9   -20.4   -20.9   -30.0   -32.0   -27.3   -27.9E  -23.8   -19.1   -22.0   -23.2   -24.1   -21.5   -17.0   -19.1   -22.0   -16.2   -17.0   -19.3   -15.5    -6.5   -11.4   -13.1 -9999.9M
 2009  5   -11.7   -11.1   -15.3   -17.5   -18.6   -18.6   -16.2   -14.7   -15.4   -13.7   -13.8   -12.6   -12.7   -13.2   -15.9   -12.1   -10.2   -10.4   -12.0   -11.0    -3.6    -7.3   -10.9    -9.4    -5.3    -4.9    -6.5    -5.9    -5.9    -3.7    -0.9 
 2009  6     0.0    -3.0    -2.1    -3.4    -4.5    -3.5    -1.1    -1.3    -0.3    -3.2    -3.1    -1.2     0.6     0.6     1.4    -0.8    -1.1    -0.4     1.2    -1.0    -0.2     0.3     0.6     0.7     0.8     0.7     2.2     1.9     0.9     2.6 -9999.9M
 2009  7     5.0     2.7     3.5     1.0     1.0     2.0     1.7     1.3     1.4     3.1     0.4     1.1     4.7     2.2     2.3     1.3     3.9     7.0     6.6     5.2     5.0     6.7     5.2     8.0     6.6     2.8E    3.1     1.5     1.3     0.5     0.9 
 2009  8     1.2     1.0     2.0     2.6     0.3    -0.1     0.9     0.1     1.1     1.9     0.8     0.9     0.6     6.2     6.0     6.2     3.9     3.0     6.3     3.5    -0.2    -0.8    -1.7     3.7     5.9     7.7     8.2     5.2     6.0     3.0     2.5 
 2009  9     0.5    -0.1     0.2     2.5    -1.2    -0.8     1.3    -1.8    -2.2    -2.3    -2.0    -2.6    -1.2    -0.8    -0.4    -2.2    -1.5    -3.2    -5.8    -5.2    -8.0    -7.0    -4.6    -4.5    -5.5    -6.6    -6.7    -8.0    -7.8    -3.2 -9999.9M
 2009 10    -5.0    -5.7    -8.3   -12.4   -10.7    -5.4    -6.4    -9.0    -9.3    -9.5   -14.2   -13.3    -6.8    -7.5    -9.2   -15.5   -15.4   -17.6   -18.4   -15.7   -17.8   -19.8   -16.9   -21.5   -17.3   -15.6   -18.7   -20.0E  -18.9E  -22.8   -23.8 
 2009 11 -9999.9M  -19.9   -27.3   -28.0   -28.6   -29.1   -26.8   -29.2   -26.7E  -21.4   -23.8   -19.2   -15.4   -10.5   -11.2   -11.2   -16.4   -23.2   -26.3   -27.5   -21.4   -18.9   -16.2   -17.2   -18.7   -17.8   -12.8   -13.2   -17.2   -18.0E-9999.9M
 2009 12   -16.1E  -16.8   -16.2   -14.6   -22.6   -25.3   -25.7   -28.8   -32.3 -9999.9M  -36.5   -32.6 -9999.9M-9999.9M-9999.9M-9999.9M-9999.9M-9999.9M-9999.9M-9999.9M-9999.9M-9999.9M-9999.9M-9999.9M-9999.9M-9999.9M-9999.9M-9999.9M-9999.9M-9999.9M-9999.9M
 2010  1 -9999.9M-9999.9M-9999.9M-9999.9M-9999.9M-9999.9M-9999.9M-9999.9M-9999.9M-9999.9M-9999.9M-9999.9M-9999.9M-9999.9M-9999.9M-9999.9M-9999.9M-9999.9M-9999.9M-9999.9M-9999.9M-9999.9M-9999.9M-9999.9M-9999.9M-9999.9M-9999.9M-9999.9M-9999.9M-9999.9M-9999.9M
 2010  2 -9999.9M-9999.9M-9999.9M-9999.9M-9999.9M-9999.9M-9999.9M-9999.9M-9999.9M-9999.9M-9999.9M-9999.9M-9999.9M-9999.9M-9999.9M-9999.9M-9999.9M-9999.9M-9999.9M-9999.9M-9999.9M-9999.9M-9999.9M-9999.9M-9999.9M-9999.9M-9999.9M-9999.9M-9999.9M-9999.9M-9999.9M
 2010  3 -9999.9M-9999.9M-9999.9M-9999.9M-9999.9M-9999.9M-9999.9M-9999.9M-9999.9M-9999.9M-9999.9M-9999.9M-9999.9M-9999.9M-9999.9M-9999.9M-9999.9M-9999.9M-9999.9M-9999.9M-9999.9M-9999.9M-9999.9M-9999.9M-9999.9M-9999.9M-9999.9M-9999.9M-9999.9M-9999.9M-9999.9M
 2010  4 -9999.9M-9999.9M-9999.9M-9999.9M-9999.9M-9999.9M-9999.9M-9999.9M-9999.9M-9999.9M-9999.9M-9999.9M-9999.9M-9999.9M-9999.9M-9999.9M-9999.9M-9999.9M-9999.9M-9999.9M-9999.9M-9999.9M-9999.9M-9999.9M-9999.9M-9999.9M-9999.9M-9999.9M-9999.9M-9999.9M-9999.9M
 2010  5 -9999.9M-9999.9M-9999.9M-9999.9M-9999.9M-9999.9M-9999.9M-9999.9M-9999.9M-9999.9M-9999.9M-9999.9M-9999.9M-9999.9M-9999.9M-9999.9M-9999.9M-9999.9M-9999.9M-9999.9M-9999.9M-9999.9M-9999.9M-9999.9M-9999.9M-9999.9M-9999.9M-9999.9M-9999.9M-9999.9M-9999.9M
 2010  6 -9999.9M-9999.9M-9999.9M-9999.9M-9999.9M-9999.9M-9999.9M-9999.9M-9999.9M-9999.9M-9999.9M-9999.9M-9999.9M-9999.9M-9999.9M-9999.9M-9999.9M-9999.9M-9999.9M-9999.9M-9999.9M-9999.9M-9999.9M-9999.9M-9999.9M-9999.9M-9999.9M-9999.9M-9999.9M-9999.9M-9999.9M
 2010  7 -9999.9M-9999.9M-9999.9M-9999.9M-9999.9M-9999.9M-9999.9M-9999.9M-9999.9M-9999.9M-9999.9M-9999.9M-9999.9M-9999.9M-9999.9M-9999.9M-9999.9M-9999.9M-9999.9M-9999.9M-9999.9M-9999.9M-9999.9M-9999.9M-9999.9M-9999.9M-9999.9M-9999.9M-9999.9M-9999.9M-9999.9M
 2010  8 -9999.9M-9999.9M-9999.9M-9999.9M-9999.9M-9999.9M-9999.9M-9999.9M-9999.9M-9999.9M-9999.9M-9999.9M-9999.9M-9999.9M-9999.9M-9999.9M-9999.9M-9999.9M    0.5     2.3E    1.3     1.3     1.3     1.6     0.8    -0.7    -0.3     2.1     2.9E    6.5     2.9 
 2010  9     0.3     0.8     0.7    -0.6    -0.8    -0.4    -1.9    -0.9    -1.0    -0.1    -0.5    -0.5    -0.9    -0.8    -0.5    -1.2    -3.0    -5.2    -6.5 -9999.9M   -3.7    -2.3    -4.1    -5.9    -6.4    -6.4    -5.8E   -4.1    -3.0    -4.9 -9999.9M
 2010 10    -6.6E   -5.3    -8.4   -10.2   -10.6   -11.0    -9.0   -10.3    -5.7    -5.1    -4.6    -3.4    -3.2    -5.5E   -8.1   -10.0E  -14.0   -11.6E   -8.4    -6.9   -10.0    -8.2    -5.5    -7.1   -10.4   -16.9   -16.8   -12.6    -8.7    -6.6    -4.2 
 2010 11    -5.4   -10.4   -15.7   -20.5   -19.3   -18.7   -19.4   -23.1   -20.6   -15.2   -15.3   -15.6   -18.5   -23.1   -25.7   -27.7   -31.9   -23.6   -29.3   -28.4   -21.6   -17.1   -14.5    -9.7   -15.5   -17.1   -21.1   -17.0E  -17.9   -17.1 -9999.9M
 2010 12   -23.9   -25.4E  -25.3   -28.9   -33.5   -31.7   -30.7   -30.3   -26.8   -22.7   -23.8   -29.3   -32.2   -30.9   -32.5   -30.8   -27.0E  -22.2   -16.2E   -6.7    -6.5   -12.1   -18.9   -18.1   -16.6   -13.9   -20.6   -27.9   -31.9   -33.5   -33.5 
 2011  1   -31.6   -31.3E  -33.1   -28.4   -20.0   -16.3   -21.4   -28.9   -26.7   -25.5   -30.6   -28.7   -30.4   -22.3   -21.0   -29.1   -30.4   -32.0   -34.2   -37.4   -37.0   -35.4   -38.4   -39.3 -9999.9M  -33.6   -37.8   -36.5   -28.4   -27.2   -27.7 
 2011  2   -27.3   -25.4   -28.4   -36.9   -34.0   -26.0   -27.2   -35.0   -33.8   -31.9   -31.4   -33.6   -34.7   -33.3   -32.7   -35.1   -31.9   -32.4   -35.0   -32.0   -34.4   -38.5   -37.3   -33.7   -31.9   -32.1   -34.9   -30.3 -9999.9M-9999.9M-9999.9M
 2011  3   -28.3   -34.3   -35.0   -37.1   -31.7   -28.2   -32.1   -35.1   -31.2   -34.5   -36.7   -34.5   -34.6   -36.7   -34.3   -26.6   -29.1   -33.2   -34.6   -24.2   -24.7E  -22.2E-9999.9M  -13.9   -15.9   -16.6   -18.4   -15.5   -18.1   -12.3   -16.9 
 2011  4   -14.5   -18.2   -22.1   -26.6 -9999.9M  -26.7E  -27.9   -26.7   -30.3   -33.6   -27.9   -24.6   -21.9   -21.0   -19.3   -21.6   -25.5   -25.3   -28.4   -27.8   -26.7   -25.7   -28.2   -23.3   -17.6   -21.1   -24.0   -21.0   -21.7   -20.1 -9999.9M
 2011  5   -23.8   -20.3   -18.6   -17.9   -16.3   -14.7   -17.9   -17.7   -17.6    -8.0   -12.2   -15.8   -13.7    -6.9   -11.4   -13.1   -14.9   -11.0    -8.6   -10.1   -10.6    -5.8    -4.1    -4.6    -5.1    -6.5    -3.6    -3.5    -2.2    -2.3E   -5.0 
 2011  6 -9999.9M-9999.9M-9999.9M-9999.9M-9999.9M-9999.9M-9999.9M-9999.9M-9999.9M-9999.9M-9999.9M-9999.9M-9999.9M-9999.9M-9999.9M-9999.9M-9999.9M-9999.9M-9999.9M-9999.9M-9999.9M-9999.9M-9999.9M-9999.9M-9999.9M-9999.9M-9999.9M-9999.9M-9999.9M-9999.9M-9999.9M
 2011  7 -9999.9M-9999.9M-9999.9M-9999.9M    3.4     3.2     2.1     1.4     2.4E    5.0     2.1E    1.9     0.5     2.0     2.8     3.2     3.7     4.5     9.6    14.5     8.0     4.1 -9999.9M    8.4    10.1     4.3     4.5     3.2     5.2E    4.9     9.3 
 2011  8     6.8     2.7     5.4     7.3     9.0     9.9    10.8     3.2     2.4E    2.4     4.0     6.2     1.1     0.4     0.5     2.5     5.0     4.0     3.2E    0.6     0.1     4.0     3.8     2.3     1.0     1.2     1.3E-9999.9M   -0.4    -1.9    -2.2 
 2011  9    -0.7     2.4     0.4    -0.4    -0.8    -1.8    -0.8     0.2E    4.0     2.1E   -0.5    -0.4    -0.1     0.5    -4.2    -3.0    -3.5    -1.5    -1.3E   -1.1    -2.5E   -0.5E-9999.9M   -1.7    -4.1    -6.3    -6.1    -5.7    -3.3    -3.8 -9999.9M
 2011 10    -4.7    -6.1    -5.0    -3.1    -2.0    -3.4    -5.9    -8.7   -13.1   -12.4    -7.8    -7.2    -9.9    -8.3   -11.9   -15.6   -15.1   -11.9   -11.6   -15.2   -15.5   -15.2   -13.4   -15.2   -18.1   -19.2   -21.0   -17.5   -19.6   -14.5   -13.0 
 2011 11   -10.6   -15.5   -19.7   -22.2   -24.8   -19.5   -19.3   -26.8   -28.3   -24.6   -17.2   -14.8   -19.3   -24.0   -22.2   -17.0   -17.3   -20.5   -20.1   -23.5   -23.3   -20.0   -21.8   -26.0   -27.9   -28.1   -22.4   -18.8   -16.6   -22.6 -9999.9M
 2011 12   -28.9   -29.5   -29.0   -28.7   -27.1   -19.1   -22.7   -29.9   -27.8   -26.6   -29.5   -26.6   -22.6   -27.0   -32.1   -31.9   -31.9   -34.6   -32.8   -31.1   -32.1   -25.3   -28.9   -30.8   -28.8   -28.2   -33.0   -33.6   -36.6   -35.5   -35.8 
 2012  1   -32.4   -34.6   -34.0   -29.2   -32.8   -32.5   -33.1   -34.5   -29.5   -26.3   -32.4   -32.5   -29.0   -33.9   -30.0   -25.7   -24.8   -27.3   -34.7   -41.3   -40.4   -37.9E  -37.3   -30.4   -28.3   -26.0   -21.4   -30.7   -38.3   -40.2   -34.8 
 2012  2   -30.6   -30.9   -31.6   -40.3E  -33.7   -28.4   -32.4   -31.6   -21.1   -17.2   -24.8   -19.8   -21.6   -19.5   -25.0   -30.8   -36.1   -33.6   -32.0   -33.8   -33.2E  -34.1   -33.6   -34.1   -33.6   -33.9   -35.5   -36.7   -39.3 -9999.9M-9999.9M
 2012  3   -36.1   -36.9   -37.3   -35.9   -35.6   -31.3   -29.9   -36.7   -39.7   -39.9   -35.0E  -31.2   -27.5   -23.9   -27.6   -32.2   -33.2   -33.8   -32.2   -32.0   -31.1   -29.3   -30.6   -32.1   -32.0   -32.9   -30.6   -33.0   -31.2   -22.7   -16.8 
 2012  4   -13.3   -18.7   -15.7   -19.8   -25.1   -27.9   -24.3   -23.1   -24.9   -25.2   -26.7   -26.7   -26.5   -22.1   -22.2   -21.0   -20.9   -19.9   -18.7   -21.7   -23.4   -23.1   -22.6   -24.0   -21.1   -24.8   -22.3   -22.7   -18.6   -18.6 -9999.9M
 2012  5   -19.9   -18.2   -15.9    -9.8    -8.0   -14.4   -16.9   -16.2E  -17.6   -14.4E   -8.2    -7.2   -10.5    -6.3    -4.8E   -6.6    -8.4    -9.4    -8.1    -8.9    -5.7    -6.5    -7.9    -6.9    -5.3    -4.2    -0.7    -4.2    -3.0    -1.0 -9999.9M
 2012  6    -1.3    -1.1E    2.7    -0.3E    1.2     0.6     0.2    -0.4     0.3     0.4     1.0     0.6     1.2     1.1     0.6     4.3     3.7     4.9     1.7     1.1     3.4     4.3E    2.3     4.4E    9.3     5.2     0.8     3.2     4.6     6.4 -9999.9M
 2012  7     4.5     3.5     7.5     5.5     4.8     3.8     6.4     4.9     8.4     4.2     3.5     4.5     6.3    11.7    11.1    11.0    10.8     9.1     2.7     6.2    11.4     3.8     1.2     8.6     2.0     1.9     0.8     1.0     0.5     1.4     2.3 
 2012  8     5.4    10.0    11.6    11.3     3.1     3.2     5.8     4.3     7.0     4.6     1.9     0.2     0.3    -0.1    -0.6    -0.2     0.7     4.0     4.3     0.9     0.7     1.3     0.3     0.7     0.5     2.8     4.2     4.8E-9999.9M-9999.9M-9999.9M
 2012  9 -9999.9M-9999.9M-9999.9M-9999.9M-9999.9M-9999.9M-9999.9M-9999.9M-9999.9M-9999.9M-9999.9M-9999.9M-9999.9M-9999.9M-9999.9M   -1.0    -2.3    -1.1    -1.0    -1.2    -1.5    -1.0E   -2.1    -1.0 -9999.9M   -0.9    -2.5     0.3     0.2    -1.0E-9999.9M
 2012 10    -3.8    -5.3    -2.9    -4.2E   -1.9    -4.2    -9.1E   -5.5    -8.2   -10.2    -7.0    -8.5    -8.8    -5.8    -6.5    -7.7    -7.9    -6.4   -12.6   -11.5   -17.2   -15.8   -13.1   -13.9   -15.1   -19.7E  -22.9   -24.2 -9999.9M  -15.5E  -16.6 
 2012 11 -9999.9M  -14.3   -12.7   -18.4   -19.0   -17.9E  -19.5   -17.6   -19.3   -18.7   -20.3   -22.5   -17.4   -23.2   -22.1   -22.1   -16.8   -23.9   -26.4   -24.6   -18.4   -20.0   -25.1   -24.1   -24.7   -25.3   -21.2   -26.2   -24.7   -28.3 -9999.9M
 2012 12   -28.0   -25.1   -26.3E  -24.9   -25.8E  -24.0   -24.6E  -26.8   -27.2E  -28.8   -33.0   -30.7   -26.7   -25.5   -23.7   -23.8   -26.9   -23.1   -23.2   -26.4   -27.8   -32.8   -33.9   -35.4   -30.1   -23.3   -24.0   -28.0   -27.3   -29.3   -33.9 
 2013  1   -32.8   -30.9   -29.7   -30.4   -23.6   -30.5   -36.7   -38.8   -37.2   -35.0   -33.0   -36.3   -37.9   -36.1   -35.2   -35.5   -36.1   -33.3   -28.0   -27.0   -26.3   -27.5   -33.0   -32.7   -27.7   -32.5   -35.6   -34.0   -31.4   -31.6   -31.7 
 2013  2   -33.0   -32.2   -32.7   -33.2   -34.5   -38.2   -38.8   -39.0   -39.5   -40.0   -38.7   -38.7   -37.0   -37.1   -39.2   -43.0   -40.0 -9999.9M-9999.9M-9999.9M-9999.9M-9999.9M-9999.9M-9999.9M-9999.9M-9999.9M-9999.9M-9999.9M-9999.9M-9999.9M-9999.9M
 2013  3 -9999.9M-9999.9M-9999.9M-9999.9M-9999.9M-9999.9M-9999.9M-9999.9M-9999.9M-9999.9M-9999.9M-9999.9M-9999.9M-9999.9M-9999.9M-9999.9M-9999.9M-9999.9M-9999.9M-9999.9M-9999.9M-9999.9M-9999.9M-9999.9M  -17.2   -13.7E-9999.9M  -16.9   -20.6   -23.5   -26.5 
 2013  4   -27.1E  -26.8   -30.2   -27.0E  -20.8   -20.4   -19.9E  -15.6   -12.3   -12.0 -9999.9M  -16.3   -19.1   -21.4   -19.4E  -20.6E  -18.8   -17.3E  -18.9   -18.0   -19.0E  -25.2   -24.6E  -23.6E  -23.1   -22.6E  -20.9   -24.5   -23.2E  -24.0E-9999.9M
 2013  5 -9999.9M  -22.5   -21.2   -19.1   -17.5   -18.1   -20.4E  -19.7   -18.6   -17.8E  -15.4   -15.9E  -18.0   -17.7E-9999.9M   -6.3    -3.4    -5.5    -7.9    -6.9E-9999.9M   -4.9E   -4.3    -5.5E   -6.4    -5.0E   -7.4    -5.2    -1.4    -1.9    -0.9E
 2013  6    -0.4    -3.1E   -0.6E   -3.2    -5.8    -0.4E   -1.8    -2.4    -2.0    -1.3     0.4     1.8     2.5     4.7E    5.6     0.6     1.5E   -0.3E    0.5     0.7     0.7     0.4     1.2     2.2    -0.7    -0.3     3.9E    1.5     5.1     3.1E-9999.9M
 2013  7     0.0     2.5E    1.6E    0.6     4.6     3.3     3.2     0.7E    1.5     1.2E    1.1     0.6     0.5     0.9     1.3E    0.0E    2.0     3.2     2.3     2.1E    1.9 -9999.9M-9999.9M-9999.9M-9999.9M    1.0E-9999.9M    0.4     4.3     1.5     3.3 
 2013  8     3.0    -0.6     4.0E    8.4E   12.2    11.9     2.9     3.5     8.6E   10.7     7.9     3.8E    1.9     3.3     0.1     0.5E    0.5E    0.8 -9999.9M   -1.1E   -2.8    -2.6E   -1.9E   -2.5E   -2.5    -1.1    -2.2    -2.9    -2.5E-9999.9M   -3.6 
 2013  9    -2.7E   -2.2    -2.4    -3.7    -2.4    -3.5E   -2.2    -2.6    -2.9    -3.5    -3.7    -5.6    -7.4    -5.8    -4.3    -6.9    -6.1    -7.1    -7.2    -3.5    -4.8 -9999.9M   -4.2    -4.3    -2.7    -3.9    -2.0    -2.5    -1.4    -3.2E-9999.9M
 2013 10    -5.7   -10.4    -9.1    -7.7    -7.6    -8.2    -5.6    -6.5E   -9.5   -11.6    -7.6    -5.2    -8.2   -14.3   -17.4   -12.1    -7.7   -11.3E-9999.9M   -6.2    -6.9    -7.5    -5.0    -8.3   -14.9   -16.3   -14.1   -20.8   -21.7   -21.2 -9999.9M
 2013 11   -11.6   -18.1   -21.4   -12.9   -11.0   -12.6E  -22.6E  -22.8   -20.3 -9999.9M-9999.9M-9999.9M-9999.9M-9999.9M-9999.9M-9999.9M-9999.9M-9999.9M-9999.9M-9999.9M-9999.9M-9999.9M-9999.9M-9999.9M-9999.9M-9999.9M-9999.9M-9999.9M-9999.9M-9999.9M-9999.9M
 2013 12 -9999.9M-9999.9M-9999.9M-9999.9M-9999.9M-9999.9M-9999.9M-9999.9M-9999.9M-9999.9M-9999.9M-9999.9M-9999.9M-9999.9M-9999.9M-9999.9M-9999.9M-9999.9M-9999.9M-9999.9M-9999.9M-9999.9M-9999.9M-9999.9M-9999.9M-9999.9M-9999.9M-9999.9M-9999.9M-9999.9M-9999.9M
 2014  1 -9999.9M-9999.9M-9999.9M-9999.9M-9999.9M-9999.9M-9999.9M-9999.9M-9999.9M-9999.9M-9999.9M-9999.9M-9999.9M-9999.9M-9999.9M-9999.9M-9999.9M-9999.9M-9999.9M-9999.9M-9999.9M-9999.9M-9999.9M-9999.9M-9999.9M-9999.9M-9999.9M-9999.9M-9999.9M-9999.9M-9999.9M
 2014  2 -9999.9M-9999.9M-9999.9M-9999.9M-9999.9M-9999.9M-9999.9M-9999.9M-9999.9M-9999.9M-9999.9M-9999.9M-9999.9M-9999.9M-9999.9M-9999.9M-9999.9M-9999.9M-9999.9M-9999.9M-9999.9M-9999.9M-9999.9M-9999.9M-9999.9M-9999.9M-9999.9M-9999.9M-9999.9M-9999.9M-9999.9M
 2014  3 -9999.9M-9999.9M-9999.9M-9999.9M-9999.9M-9999.9M-9999.9M-9999.9M-9999.9M-9999.9M-9999.9M-9999.9M-9999.9M-9999.9M-9999.9M-9999.9M-9999.9M-9999.9M-9999.9M-9999.9M-9999.9M-9999.9M-9999.9M-9999.9M-9999.9M-9999.9M-9999.9M-9999.9M-9999.9M-9999.9M-9999.9M
 2014  4 -9999.9M-9999.9M-9999.9M-9999.9M-9999.9M-9999.9M-9999.9M-9999.9M-9999.9M-9999.9M-9999.9M-9999.9M-9999.9M-9999.9M-9999.9M-9999.9M-9999.9M-9999.9M-9999.9M-9999.9M-9999.9M-9999.9M-9999.9M-9999.9M-9999.9M-9999.9M-9999.9M-9999.9M-9999.9M-9999.9M-9999.9M
 2014  5 -9999.9M-9999.9M-9999.9M-9999.9M-9999.9M-9999.9M-9999.9M-9999.9M-9999.9M-9999.9M-9999.9M-9999.9M-9999.9M-9999.9M-9999.9M-9999.9M-9999.9M-9999.9M-9999.9M-9999.9M-9999.9M-9999.9M-9999.9M-9999.9M-9999.9M-9999.9M-9999.9M-9999.9M-9999.9M-9999.9M-9999.9M
 2014  6 -9999.9M-9999.9M-9999.9M-9999.9M-9999.9M-9999.9M-9999.9M-9999.9M-9999.9M-9999.9M-9999.9M-9999.9M-9999.9M-9999.9M-9999.9M-9999.9M-9999.9M-9999.9M-9999.9M-9999.9M-9999.9M-9999.9M-9999.9M-9999.9M    1.9    -1.1    -0.6    -0.7    -0.6    -1.6 -9999.9M
 2014  7    -0.7    -0.4     0.3    -0.5    -0.1    -0.2    -0.2    -0.4    -0.8E    0.9     1.2     6.7     9.5     6.2     6.9     3.7     0.9     1.5     0.8     1.8     7.0     6.2     2.7     4.5     3.1E-9999.9M    3.9     3.1     2.6     0.9     1.0 
 2014  8     2.3     2.4     2.6     1.9     0.4    -0.3     0.2     1.0    -0.1     1.5     0.6     0.4    -0.4    -0.5    -0.9    -0.1    -1.5    -1.0     0.3     0.2     0.0     1.2     4.3     1.6     2.9     2.5     0.2    -0.7    -1.2    -1.1     1.3 
 2014  9     2.1     2.6     4.0     0.6    -0.4    -1.4    -2.0    -2.7    -1.3    -2.3    -2.7    -2.1    -3.4E   -4.9    -5.2    -4.9    -5.0    -5.4    -5.7    -3.5    -5.1    -4.0    -4.8    -5.9    -4.5    -6.3    -9.2    -7.0    -9.4   -13.5 -9999.9M
 2014 10   -14.9   -11.8    -9.3    -8.1    -9.4   -11.8    -8.6    -8.3    -6.6    -6.9    -6.2    -4.4    -6.9    -8.0E  -11.2   -15.9   -12.3   -11.3   -13.5   -20.7   -21.7   -19.3   -21.1   -20.0   -14.9   -12.1   -15.5   -21.8   -20.6   -20.3   -11.9 
 2014 11    -7.6   -10.1   -14.7   -18.1   -17.3   -23.1   -21.4   -21.3   -24.0   -19.1   -22.1   -22.7   -23.1   -17.2   -13.8   -14.2   -15.6   -21.4   -22.8E  -25.6   -24.8   -29.2   -29.9   -27.3   -27.9   -26.2   -21.4   -28.1   -28.9   -30.2 -9999.9M
 2014 12   -34.1   -29.2   -25.5   -31.3   -26.9   -22.7   -24.3   -26.8   -31.8   -35.7   -37.3   -37.7   -36.8   -30.5   -23.8   -24.9   -32.3   -35.0   -36.0   -35.8   -34.4   -36.5   -34.8   -37.8   -31.1   -26.9   -26.0   -28.7   -26.3   -27.2   -28.5 
 2015  1   -28.9   -26.2   -22.9   -27.9   -27.9   -16.9   -23.8   -26.5   -26.8   -24.1   -22.5   -27.0   -30.9   -33.6   -34.3   -35.7   -34.5   -36.3   -34.3   -33.3   -34.5   -36.4   -37.7   -35.9   -33.3   -35.5   -34.5   -32.9   -34.3   -38.1   -33.4 
 2015  2   -34.9   -38.4   -34.1   -32.7   -36.4   -32.1   -31.0   -35.6   -34.2   -32.7   -35.7   -39.3   -35.1   -37.8   -34.8   -31.2   -31.5   -33.6   -34.7   -30.0   -24.2   -28.3   -27.1   -23.6   -26.3   -23.0   -25.4   -36.0 -9999.9M-9999.9M-9999.9M
 2015  3   -30.6   -28.4   -35.6   -37.0E  -31.9   -29.6   -28.0   -31.3   -31.2   -31.1   -32.1   -33.5   -34.5   -34.2   -32.1   -32.8   -29.5   -25.4   -24.9   -28.0   -27.8   -27.3   -28.8   -28.4   -24.2   -28.8   -29.6E  -31.9   -32.7   -29.4   -27.5 
 2015  4   -31.1   -32.9   -30.8   -25.1   -26.4   -27.5   -27.8   -28.4   -26.2   -24.5   -28.8   -30.4   -25.0E  -23.6   -21.0   -20.1   -15.5   -16.6   -17.2   -18.7   -20.7   -20.3   -19.4   -21.5   -20.4   -12.1   -10.2   -11.4   -10.8   -13.4 -9999.9M
 2015  5   -14.3   -14.4   -19.3   -20.4   -17.8   -15.8   -15.8   -12.0   -11.8    -8.1    -6.1    -7.6   -10.5   -13.2   -15.8   -13.8    -9.7    -6.0    -7.6    -0.9    -3.9    -4.7    -6.8   -11.2    -6.2    -9.6    -7.2    -1.6    -1.6E   -2.4    -6.3 
 2015  6    -6.1    -3.7    -0.6    -2.3    -2.1    -1.2    -0.6     0.1    -0.4E    0.7     1.0     0.2    -0.4     0.4     0.5     0.7     0.7     0.3     0.9     0.7     0.6     1.2E    1.8     2.2     1.2     0.7     2.7     6.0 -9999.9M-9999.9M-9999.9M
 2015  7 -9999.9M-9999.9M-9999.9M-9999.9M-9999.9M-9999.9M-9999.9M-9999.9M-9999.9M    1.2     1.5     2.9     3.2     3.5     5.1     4.0     0.5     1.5     2.5     3.0E    2.4     2.2     5.8     6.1     3.0     4.0     3.9E    9.3     9.8     3.2     2.4 
 2015  8     8.8     7.5     5.5     5.7     0.6     0.4    -0.9     0.2     4.7     5.2     2.6     1.7E    1.9     2.5     1.8     1.5    -0.6    -0.2     0.0     0.4    -1.0    -1.2     1.8     3.1     3.5     6.7     5.7     5.0     4.8     1.1     1.4 
 2015  9     0.7     1.4     3.6     1.7E    3.1     5.0     2.4E    0.4     2.1    -0.3    -1.4    -0.7    -1.1    -2.0    -3.9    -3.0    -3.4    -3.5    -2.8    -0.6    -0.3    -3.9    -5.0    -4.1    -5.9    -3.9    -5.3    -6.7    -5.7E   -0.8 -9999.9M
 2015 10    -2.3E   -2.8    -3.3    -2.9    -8.0    -8.0    -6.7    -8.7   -11.9    -9.8    -8.3   -11.5   -16.4   -13.7E  -12.7E  -10.3   -10.0   -11.6   -15.3   -15.9   -12.8   -14.7   -15.5   -13.9   -15.9   -16.0   -16.5   -18.1   -15.9   -18.8   -19.1E
 2015 11 -9999.9M  -18.8E  -19.7   -20.9   -22.2   -23.8   -24.5   -19.6   -20.9E  -19.3   -23.5   -16.7   -18.6   -24.7   -21.6   -17.7   -13.7   -13.6 -9999.9M  -20.6   -20.8   -22.6   -23.3   -28.2   -26.2E  -25.8   -22.7   -25.1   -27.3   -30.1 -9999.9M
 2015 12   -35.8   -37.0   -36.1   -35.6   -32.9   -26.1   -22.4   -26.8   -27.7E  -34.8   -35.0   -29.1E  -28.7E-9999.9M  -32.6E  -34.9   -34.5   -36.1   -35.3   -33.2   -28.4   -32.8   -38.3   -40.6   -38.7   -33.7   -29.7E  -29.1   -28.8   -28.7   -30.9 
 2016  1   -29.1   -22.4   -21.8   -27.1   -25.7E  -28.0   -30.6   -29.1   -28.8   -33.6   -30.2   -22.6   -24.4E  -28.4   -20.7   -23.6   -21.6   -23.9   -30.1   -31.9   -25.6   -29.0   -31.0E  -32.0   -30.0E  -27.6   -30.0   -34.4   -34.1   -33.7E  -33.2 
 2016  2   -31.7   -32.7   -32.6   -31.1   -33.3   -32.6   -30.6   -29.0   -30.1   -31.7   -31.1   -32.4E-9999.9M-9999.9M-9999.9M-9999.9M-9999.9M  -39.2   -37.9   -39.1   -34.2   -27.4   -24.5   -29.5   -31.8   -32.0E-9999.9M  -27.2   -30.3 -9999.9M-9999.9M
 2016  3   -29.9   -29.1   -30.5   -35.0   -31.5   -29.2E  -26.8   -29.1   -28.8   -30.0   -29.0E  -29.1E-9999.9M  -25.9E  -25.8   -27.5   -29.1   -30.3   -26.8   -22.4   -26.7   -27.3   -29.6   -28.3   -28.2   -24.9   -27.8E  -31.2   -27.5   -27.1   -28.1 
 2016  4   -30.1   -31.6   -31.3   -30.5E  -29.5E-9999.9M  -28.7   -26.0   -26.3   -23.9   -22.8   -23.7E  -22.0   -19.1   -19.6   -22.3   -22.4   -24.4E  -24.1   -21.0   -22.7   -21.4   -18.7   -20.2E-9999.9M-9999.9M  -17.3E  -21.5   -21.4   -19.6 -9999.9M
 2016  5   -16.5E  -18.9   -16.2   -16.3   -11.6E   -8.9E   -5.1    -6.0    -6.9    -7.4    -7.3E   -9.8    -9.0    -4.0    -3.9    -5.6    -7.5    -7.7    -5.1    -4.6    -5.8    -7.3    -7.8    -7.3    -5.7    -5.8E   -5.0E   -5.2E   -6.1    -4.3    -4.4E
 2016  6    -3.2    -2.5     0.1    -0.2     0.5     1.6E    2.1     2.6     2.3     3.4     2.7E-9999.9M    6.1E-9999.9M    5.5     0.8     0.9     0.4     1.0E    5.3     1.2     2.5E    1.0     3.0     6.7     8.8     2.1E-9999.9M    6.4E    0.7 -9999.9M
 2016  7     0.6     4.1E-9999.9M-9999.9M   16.7    18.4     8.0E    3.5     4.5     3.0     2.5     2.6     3.3E    2.7E    1.8E    4.7     1.2     2.1     1.7     3.8     2.6     2.5     0.9     1.3     2.6     0.8     2.3     2.8     4.0     6.9E    4.7 
 2016  8     2.9     7.2E    4.7     0.4     0.6    -0.5     0.5     3.0     8.9    12.7     6.9E    1.4     1.5     4.2E    8.2E    5.4     0.3     1.8     4.6     2.9     3.8    -1.5     1.3    -0.9    -0.2     0.5     0.9     0.3     2.1     0.4     1.2E
 2016  9     0.7E   -0.2    -0.1    -0.9    -0.7E   -2.1    -0.9     0.2E-9999.9M   -0.8    -2.8    -3.4    -3.8    -5.1E   -3.5    -1.0    -0.9    -0.6    -3.2    -1.5     0.1     2.4     2.4     2.1    -0.1    -3.9    -3.7    -2.5    -2.0    -5.4 -9999.9M
 2016 10    -7.2    -4.8    -6.6    -4.5    -4.2    -3.8    -4.5    -6.8    -8.2    -8.3   -13.4   -11.9   -12.6   -16.2   -16.3E  -17.2E-9999.9M  -15.1   -13.7   -15.2   -12.9E-9999.9M-9999.9M  -10.7E-9999.9M  -14.4   -20.5   -18.6   -22.7   -20.0   -16.6 
 2016 11   -17.3   -17.2   -13.7   -13.6   -16.5   -15.6   -19.6   -20.0   -18.4   -14.0   -20.2   -21.4   -20.0   -19.4E  -18.1   -24.4   -20.5   -18.4   -18.3   -16.0   -16.1   -17.5   -15.9   -17.9   -23.2   -19.9   -21.0   -11.1   -16.6   -12.9 -9999.9M
 2016 12   -12.0   -22.3   -20.8   -22.0   -30.7   -26.1E  -25.3E-9999.9M  -19.4   -24.8   -30.7   -28.7   -22.8   -23.6   -25.0E  -27.4   -28.6   -28.4   -27.3   -27.3   -27.0   -27.8   -25.4E  -20.4   -23.3 -9999.9M  -28.2E  -27.2E  -32.7   -32.5   -30.1 
 2017  1   -22.6   -25.3   -17.5   -17.0   -28.2   -29.9   -31.2   -30.6   -36.2   -35.5   -38.3   -38.3   -38.8   -37.4   -34.9   -33.6   -37.3   -31.5   -28.8   -26.4   -24.4   -29.7   -29.5   -31.6E  -33.0   -36.3   -38.7   -32.2   -35.7   -31.1   -28.1E
 2017  2   -25.5   -22.9   -23.0   -28.3   -27.8E  -27.6E  -35.9E  -35.1   -33.3   -33.8E  -34.6   -34.9   -33.4   -32.4   -31.3E  -23.0   -26.3   -27.6   -35.4   -37.6   -35.4   -35.6   -36.0 -9999.9M-9999.9M-9999.9M-9999.9M-9999.9M-9999.9M-9999.9M-9999.9M
 2017  3 -9999.9M-9999.9M-9999.9M-9999.9M-9999.9M-9999.9M-9999.9M-9999.9M-9999.9M-9999.9M  -22.0   -15.3   -20.2   -28.9   -29.6   -32.1   -31.5E  -32.5   -34.1   -29.0   -30.4E  -30.4   -29.8   -23.8   -18.7   -25.2   -22.6   -27.0   -28.8   -25.6E  -20.1 
 2017  4   -15.5   -12.5   -15.6   -20.8E  -24.6E  -27.2   -27.5   -25.2   -24.2   -27.1   -28.2   -26.9   -25.3E  -24.0   -23.3   -22.2   -19.7E  -23.0E  -27.6   -29.5   -23.7   -23.8E  -20.2   -23.0   -22.9   -21.0   -22.0E  -22.1   -18.0   -16.2E-9999.9M
 2017  5   -17.2   -18.7   -19.4   -18.5   -18.3   -16.0   -12.5E  -14.9    -6.3    -9.1   -10.8 -9999.9M   -9.5   -11.1   -14.9   -11.3    -6.0    -2.2 -9999.9M-9999.9M   -3.1     2.7     0.4    -0.1    -1.3    -0.8    -0.2    -1.6    -3.3    -5.8    -7.1 
 2017  6    -4.5    -2.4     1.2    -1.9    -4.1    -4.7    -4.0    -2.0    -2.9    -2.5    -2.8 -9999.9M   -1.4     0.6 -9999.9M-9999.9M   -0.1 -9999.9M   -0.7 -9999.9M    1.8     1.5     2.2     3.4     4.6     7.7     4.9     3.8E    1.3     1.1 -9999.9M
 2017  7     6.0     3.5E    3.6E    3.0     4.6E    5.4     3.6     5.9     4.9     1.9     1.4     1.0     1.3     1.9     1.4     1.0     0.8     1.9     1.0     3.5     9.1     1.6     4.3     1.0     0.2 -9999.9M    0.9     0.8     0.6E    1.0     2.1 
 2017  8     4.7     9.6     4.1E    1.0    -0.2     0.6     0.9     2.1     2.2     5.0     5.1     8.2E    0.3    -1.3     0.3     3.0     3.3     7.7     5.2     6.2E    6.5     0.2     1.3     6.5     6.4     1.3     0.1    -1.0    -0.9E    1.1E   -1.5 
 2017  9    -2.0E   -1.1    -0.6    -2.3    -3.8    -3.1    -4.3    -3.8E   -3.6    -1.3    -2.2    -3.6    -4.2 -9999.9M-9999.9M   -4.4 -9999.9M-9999.9M   -5.6    -2.6 -9999.9M-9999.9M-9999.9M-9999.9M-9999.9M-9999.9M-9999.9M   -7.5 -9999.9M-9999.9M-9999.9M
 2017 10 -9999.9M   -8.1 -9999.9M   -9.7    -9.3 -9999.9M   -9.2E   -9.9   -13.2   -12.6   -14.3   -13.1   -13.1   -16.6   -19.2   -13.8    -9.3   -10.4   -11.3   -12.2   -11.6   -13.3   -17.7   -17.6   -19.1   -17.8   -21.3   -23.1   -21.2   -19.3   -21.6 
 2017 11   -20.5   -19.8   -22.6   -21.5   -23.4   -24.4   -24.7   -30.2 -9999.9M  -23.5   -20.6   -19.7   -22.4   -19.6   -19.3   -26.9   -30.9   -32.9   -29.5   -25.9   -17.7    -8.1    -8.1   -10.2   -16.6   -14.8   -14.5   -15.4    -9.1   -15.4 -9999.9M
 2017 12   -22.7   -18.9   -19.6E  -20.5   -21.9   -24.1   -27.0 -9999.9M  -26.9   -24.0 -9999.9M-9999.9M-9999.9M-9999.9M  -24.1   -26.2   -29.9   -32.5   -31.9   -29.3   -34.5   -35.9   -28.8   -27.0E  -25.0   -35.8   -31.6   -22.8   -24.4   -29.3   -26.4 
 2018  1   -29.7E  -29.3   -28.2E  -28.5   -20.3   -19.5   -27.7   -32.7   -32.5   -31.5   -26.5   -24.6   -24.3   -26.2   -26.7   -25.1   -31.3   -33.5   -31.4   -29.9   -33.2   -34.4E  -28.7   -20.8   -21.7   -17.3E  -21.7   -25.5   -26.9   -28.2   -30.9 
 2018  2   -33.4   -31.3   -33.6   -31.3   -33.0   -39.0   -27.8   -30.4E  -35.1   -29.5   -25.5   -37.8   -37.6   -37.2   -31.9   -34.8   -32.3E  -32.0E  -32.9 -9999.9M-9999.9M-9999.9M  -28.9   -32.9E-9999.9M-9999.9M-9999.9M-9999.9M-9999.9M-9999.9M-9999.9M
 2018  3   -23.9E  -35.3   -32.2   -34.6   -32.5   -36.0   -32.0   -31.6 -9999.9M-9999.9M-9999.9M-9999.9M-9999.9M-9999.9M-9999.9M-9999.9M-9999.9M-9999.9M  -36.4   -35.1E  -30.5   -30.4   -34.2   -38.3   -37.3   -36.2E  -34.6   -30.5   -24.1   -27.7   -31.4 
 2018  4   -32.8   -30.7E  -19.4   -22.7E  -25.9   -20.3   -24.8   -28.4   -26.5   -24.9   -22.1   -16.3   -15.4   -19.5E  -24.1   -23.7   -24.6   -25.6   -21.2E  -24.2   -25.2   -25.4   -21.4   -19.5   -20.3   -16.9   -18.5   -21.4   -21.8   -21.2 -9999.9M
 2018  5   -21.0   -21.2   -18.9   -15.4   -15.7   -15.8E  -16.3   -11.0    -7.5   -10.5E  -13.0   -14.2   -14.6    -7.8    -7.8E   -8.8   -11.0   -10.9    -8.3    -6.4    -8.9    -8.6    -9.0    -6.1    -7.2E   -7.2    -6.9    -2.7    -5.6    -7.7    -8.2 
 2018  6    -8.4    -6.0    -4.9    -3.5E    0.5     0.0     0.0    -0.2     1.9     3.4     1.7     0.7     0.7     1.5     3.7     3.1     0.7     1.1     2.9     0.1     0.6     1.9     2.2     1.1E    1.1     0.9     0.1     0.5     1.7     1.3 -9999.9M
 2018  7     0.4     0.8     3.0     2.8     6.3     3.6     5.9     2.7     4.3E    4.1E    5.9E    1.6     3.4     4.3     8.4    13.3     6.4     2.3     6.1 -9999.9M    1.2     0.8     3.5     2.1     1.8     3.2     2.6     1.4     1.1 -9999.9M    4.2 
 2018  8     2.2     0.8     3.0 -9999.9M    0.6     0.7     2.6     2.2     1.7     2.6 -9999.9M   -1.0    -0.1     2.4     0.2     2.8     2.5     0.6    -0.3 -9999.9M-9999.9M-9999.9M   -0.8    -0.8    -0.6    -0.7    -1.4     0.6     1.8     2.4     4.3 
 2018  9     0.5    -1.8    -2.3    -1.2    -1.4    -1.2    -1.9    -2.5    -3.2    -1.9    -2.4    -4.2    -1.9    -4.1    -4.6    -4.8 -9999.9M-9999.9M   -3.4    -7.1    -5.3    -4.5 -9999.9M   -4.5    -7.5   -11.2 -9999.9M   -6.5    -6.0    -6.0 -9999.9M
 2018 10    -8.0    -9.4   -13.5   -12.7   -13.2    -8.6 -9999.9M-9999.9M-9999.9M  -11.3    -6.5    -8.9   -12.3   -12.2   -13.5   -11.2   -10.2   -11.2   -15.4   -19.1   -19.8 -9999.9M  -22.1   -18.1   -17.1   -13.1   -16.5   -15.3    -9.3   -10.3   -11.5 
 2018 11   -17.8   -17.4   -12.3   -17.3   -16.4   -19.9   -21.0   -20.4   -22.0   -23.1   -20.6   -24.3   -27.1   -27.9   -27.6   -30.2   -30.4   -29.5   -29.4   -33.7   -35.4   -32.7   -31.0   -32.8   -28.6 -9999.9M  -26.2   -17.3   -21.1 -9999.9M-9999.9M
 2018 12 -9999.9M  -36.2 -9999.9M  -33.8   -28.2   -21.7   -23.8   -22.7   -16.2   -16.1   -26.9 -9999.9M-9999.9M-9999.9M  -35.0   -36.2   -34.4   -32.4   -32.6   -27.2   -20.1   -23.6   -32.8   -35.9   -36.2   -32.8   -32.7 -9999.9M  -28.2   -27.5   -23.6 
 2019  1   -25.3   -25.1 -9999.9M  -28.9   -37.1   -37.6   -33.6   -34.2   -36.8   -39.5   -40.1   -42.8   -38.4   -28.5   -26.9 -9999.9M  -24.7   -20.8   -24.3   -32.5   -39.0 -9999.9M-9999.9M  -37.6   -34.4   -38.8   -38.4   -35.9   -36.2   -38.9 -9999.9M
 2019  2   -40.1   -36.3   -30.5   -32.7   -32.3   -33.9   -30.8   -21.8   -17.9   -20.6   -23.8   -22.3 -9999.9M  -26.1   -35.9   -36.8   -35.7   -33.5   -35.8   -28.9   -21.6   -30.5   -33.1   -33.0   -29.2   -24.7   -32.9   -34.6 -9999.9M-9999.9M-9999.9M
 2019  3   -24.0   -17.2   -20.0   -19.6 -9999.9M  -27.9   -35.6   -28.8 -9999.9M  -21.4   -19.8   -23.5   -33.9 -9999.9M  -29.0   -33.0 -9999.9M  -35.7   -31.5   -26.4   -28.5   -30.8   -27.9   -26.2   -21.3 -9999.9M  -26.9 -9999.9M  -16.1   -14.4   -19.8 
 2019  4 -9999.9M  -29.4   -22.1   -22.7   -23.8   -27.0   -28.9   -29.3   -23.8   -24.9 -9999.9M  -31.7   -28.8   -27.2   -24.8   -25.4   -25.2   -26.0   -25.0   -23.0   -23.5   -23.8 -9999.9M  -22.4   -27.0   -25.1   -26.1   -25.2   -22.9   -17.3 -9999.9M
 2019  5 -9999.9M  -16.4   -11.4   -11.9   -12.0   -12.4   -13.6   -14.1 -9999.9M   -5.5    -7.6   -10.6 -9999.9M   -4.5 -9999.9M   -9.2    -9.4    -8.7   -10.1    -7.4   -10.0   -12.4   -12.0    -7.9    -6.0    -5.5    -5.4    -4.1     0.1     1.6     0.5 
 2019  6    -2.0    -1.6    -2.8    -2.3    -2.8    -1.6    -1.2    -3.2    -0.7    -0.3     0.7     2.0    -0.2     1.2 -9999.9M    0.6 -9999.9M    0.5     0.5 -9999.9M    2.2     0.9     0.0     0.8 -9999.9M-9999.9M-9999.9M    4.1 -9999.9M    1.9 -9999.9M
 2019  7     2.9     2.3     2.0     2.8     1.8     2.6     1.9     4.4     1.9     1.4     1.7     1.5     2.4 -9999.9M    4.5     3.3 -9999.9M    3.3     2.6     5.3 -9999.9M-9999.9M    0.3    -0.2     0.8 -9999.9M    2.0     1.9 -9999.9M    3.9 -9999.9M
 2019  8     5.7     8.2     2.7 -9999.9M    3.3     4.2 -9999.9M    1.1     1.4 -9999.9M    0.0     4.6     2.9     4.9     5.0     1.6     3.2     2.3     1.3     3.4     4.6     1.2     1.7     3.6     2.2     1.9     2.2     0.6    -0.8    -1.4    -1.4 
 2019  9    -1.9    -1.7    -2.6    -3.5    -3.9    -3.8 -9999.9M    3.4     2.1     0.5     2.2    -2.1    -4.6    -3.7    -2.6    -1.3    -2.0    -2.7 -9999.9M-9999.9M   -9.2    -7.6    -9.9    -8.2    -6.4    -4.2    -7.1    -8.2 -9999.9M   -2.4 -9999.9M
 2019 10 -9999.9M   -8.2    -8.6    -6.1    -5.7    -8.6   -11.6    -8.1 -9999.9M   -8.6    -6.1    -6.9    -6.6   -11.0   -10.1    -9.4   -14.6   -15.3   -13.8   -13.8    -7.3    -6.8   -13.7   -16.5   -16.9 -9999.9M  -15.7   -17.3   -12.5    -8.5   -10.7 
 2019 11   -18.3   -19.1   -21.7   -20.2   -24.7 -9999.9M-9999.9M  -24.4   -23.0   -21.0   -18.8   -18.0   -18.0   -21.9   -20.2   -15.8   -14.6   -21.6 -9999.9M  -20.5   -21.4 -9999.9M  -21.3   -24.7   -27.2   -21.3   -25.1   -22.7   -28.2   -28.9 -9999.9M
 2019 12   -26.5   -27.8 -9999.9M-9999.9M-9999.9M  -31.0 -9999.9M-9999.9M  -31.5   -24.7   -24.4   -22.9 -9999.9M  -30.8 -9999.9M  -32.7   -37.2   -31.9   -29.0 -9999.9M  -34.4 -9999.9M  -31.8 -9999.9M  -32.4   -30.5   -19.8 -9999.9M-9999.9M  -31.1   -32.8 
 2020  1   -30.2 -9999.9M  -37.3   -36.0   -29.3   -25.0   -30.4 -9999.9M  -35.7   -30.7 -9999.9M-9999.9M-9999.9M-9999.9M  -21.1 -9999.9M  -23.3   -20.0   -27.5   -32.7   -34.9   -39.7   -39.1   -37.3   -35.5   -30.9   -32.5   -30.2 -9999.9M  -41.2   -40.8 
 2020  2 -9999.9M  -35.2   -38.9   -40.0   -38.9 -9999.9M  -35.9   -36.9 -9999.9M  -40.4   -34.1   -32.2 -9999.9M  -31.9   -25.3   -27.4   -30.8 -9999.9M  -38.0   -38.7   -35.8   -32.1   -32.4   -31.6   -33.0   -35.6 -9999.9M-9999.9M  -31.0 -9999.9M-9999.9M
 2020  3   -34.0   -38.4 -9999.9M-9999.9M-9999.9M-9999.9M-9999.9M  -31.2 -9999.9M  -38.0   -40.2   -38.1   -32.8   -27.2   -28.6   -31.2   -33.4   -33.2   -29.2 -9999.9M-9999.9M  -20.2   -29.0   -32.9   -37.0   -37.8   -32.0   -27.9   -36.5   -36.4   -28.9 
 2020  4   -23.6   -24.8 -9999.9M  -15.3   -18.5   -17.3   -14.8   -15.5 -9999.9M  -22.2   -23.4   -25.7   -20.1   -17.2   -20.0   -24.2   -21.6   -22.7   -23.2   -25.2   -24.5   -22.3   -19.3   -19.7   -22.7 -9999.9M  -22.2   -16.5   -18.6   -20.7 -9999.9M
 2020  5   -18.3   -16.7   -15.6   -12.7   -15.8   -13.8   -16.4   -15.6   -13.7   -10.8   -12.7   -12.3 -9999.9M-9999.9M   -4.6    -3.3    -8.1    -9.6    -3.9    -5.5    -5.2    -5.3    -6.1    -9.5    -9.7    -7.0    -2.8    -2.2 -9999.9M   -2.5    -1.8 
 2020  6 -9999.9M   -0.3    -1.3 -9999.9M   -1.1    -1.2    -1.3    -1.6     0.2     4.3     4.2     2.0     0.8     1.1     1.1     3.2     6.1     3.3     2.4 -9999.9M    1.6     1.6     3.6     3.7     1.5     2.5     1.9     4.8     6.0     5.4 -9999.9M
 2020  7     2.7     3.0     2.3 -9999.9M    1.1 -9999.9M    1.2     2.6 -9999.9M-9999.9M-9999.9M-9999.9M-9999.9M-9999.9M-9999.9M-9999.9M-9999.9M    5.2 -9999.9M-9999.9M-9999.9M-9999.9M-9999.9M-9999.9M-9999.9M-9999.9M-9999.9M-9999.9M-9999.9M-9999.9M-9999.9M
 2020  8 -9999.9M    2.5 -9999.9M-9999.9M-9999.9M-9999.9M-9999.9M-9999.9M-9999.9M-9999.9M-9999.9M-9999.9M-9999.9M-9999.9M-9999.9M-9999.9M-9999.9M-9999.9M-9999.9M-9999.9M-9999.9M-9999.9M-9999.9M-9999.9M-9999.9M-9999.9M-9999.9M-9999.9M-9999.9M   -0.4 -9999.9M
 2020  9 -9999.9M-9999.9M-9999.9M   -2.7    -2.6 -9999.9M-9999.9M-9999.9M-9999.9M-9999.9M-9999.9M-9999.9M-9999.9M-9999.9M-9999.9M-9999.9M-9999.9M-9999.9M-9999.9M-9999.9M-9999.9M-9999.9M-9999.9M-9999.9M-9999.9M-9999.9M-9999.9M-9999.9M   -5.0    -4.7 -9999.9M
 2020 10 -9999.9M   -3.1    -5.5 -9999.9M   -4.3 -9999.9M-9999.9M-9999.9M-9999.9M-9999.9M-9999.9M-9999.9M-9999.9M-9999.9M-9999.9M-9999.9M-9999.9M-9999.9M-9999.9M-9999.9M-9999.9M-9999.9M-9999.9M-9999.9M-9999.9M-9999.9M-9999.9M-9999.9M-9999.9M-9999.9M-9999.9M
 2020 11 -9999.9M-9999.9M-9999.9M-9999.9M-9999.9M-9999.9M-9999.9M-9999.9M-9999.9M-9999.9M-9999.9M-9999.9M-9999.9M-9999.9M-9999.9M-9999.9M-9999.9M-9999.9M-9999.9M-9999.9M-9999.9M-9999.9M-9999.9M-9999.9M-9999.9M-9999.9M-9999.9M-9999.9M-9999.9M-9999.9M-9999.9M
 2020 12 -9999.9M-9999.9M-9999.9M-9999.9M-9999.9M-9999.9M-9999.9M-9999.9M-9999.9M-9999.9M  -21.9   -18.4   -17.8 -9999.9M  -25.9   -21.1   -26.0   -33.2 -9999.9M  -31.8 -9999.9M-9999.9M  -35.6   -35.6   -35.5   -34.1   -32.0   -34.8   -26.8   -24.6   -23.9 
 2021  1 -9999.9M  -34.2   -36.3 -9999.9M  -34.5   -29.8   -20.9   -25.7   -28.7   -27.5   -25.5   -26.8   -21.6 -9999.9M  -24.6   -27.2   -29.9 -9999.9M  -24.5 -9999.9M-9999.9M-9999.9M  -15.8   -21.9 -9999.9M-9999.9M  -20.7   -25.5   -25.9 -9999.9M  -35.1 
 2021  2   -34.7 -9999.9M  -40.7   -47.4   -44.4   -43.4   -36.1   -24.2   -26.5 -9999.9M  -31.4   -27.7   -20.6   -26.7   -38.6   -37.5   -28.5   -38.0   -40.8 -9999.9M-9999.9M-9999.9M-9999.9M  -39.2   -39.0   -45.0   -31.9   -24.7 -9999.9M-9999.9M-9999.9M
 2021  3   -34.5 -9999.9M  -31.5 -9999.9M  -32.2 -9999.9M  -23.2   -25.5   -34.5   -34.9   -31.4   -30.7 -9999.9M  -32.2   -28.2   -30.8 -9999.9M  -39.1   -34.4   -32.7 -9999.9M-9999.9M  -32.1   -28.1 -9999.9M  -27.8   -33.8   -36.8 -9999.9M-9999.9M-9999.9M
 2021  4   -33.0 -9999.9M  -29.5   -25.6   -22.3 -9999.9M-9999.9M  -28.7   -24.4   -28.2   -29.3 -9999.9M  -27.0   -21.5   -23.2   -22.8   -21.5 -9999.9M   -7.9    -8.3 -9999.9M  -17.6   -18.6 -9999.9M  -19.0   -11.3    -6.5   -11.6   -11.2   -15.9 -9999.9M
 2021  5   -16.3   -14.1   -16.4   -13.6 -9999.9M-9999.9M-9999.9M  -17.1   -16.7   -17.3   -17.2 -9999.9M-9999.9M  -12.3 -9999.9M  -10.8 -9999.9M  -15.0   -10.1    -9.3   -12.1    -7.4    -8.1    -7.6    -6.2    -2.3    -4.1    -3.1 -9999.9M   -7.5    -1.7 
 2021  6    -2.3    -4.0 -9999.9M-9999.9M   -2.7    -2.9    -2.5    -2.6    -1.2    -0.4     2.2 -9999.9M    4.8     3.9     1.8     1.9     1.8     3.1     2.3     1.0     3.0 -9999.9M    1.2     1.1     2.6     1.9     3.8     8.1 -9999.9M    3.0 -9999.9M
 2021  7     1.0     0.6 -9999.9M-9999.9M    3.5 -9999.9M    4.9     7.9 -9999.9M    3.5     7.5 -9999.9M-9999.9M-9999.9M    1.3 -9999.9M    5.1     5.3 -9999.9M-9999.9M-9999.9M-9999.9M    2.3     2.0 -9999.9M    1.4 -9999.9M    3.4     3.2     2.4     3.2 
 2021  8     4.1 -9999.9M    1.5 -9999.9M-9999.9M    0.6 -9999.9M-9999.9M    0.3 -9999.9M-9999.9M    0.6 -9999.9M    0.2    -1.1 -9999.9M    5.2     5.3     2.9 -9999.9M    1.9     5.8 -9999.9M-9999.9M   -0.7     1.0 -9999.9M    3.5 -9999.9M    2.4     1.9 
 2021  9     1.4    -0.8 -9999.9M   -4.0    -5.2 -9999.9M   -4.5    -3.8 -9999.9M   -5.7    -6.0    -7.0 -9999.9M-9999.9M   -7.2    -6.9    -4.1    -4.2    -1.8    -3.2    -0.9 -9999.9M   -2.1 -9999.9M   -1.6    -1.1    -1.6    -3.3    -2.3 -9999.9M-9999.9M
 2021 10    -4.2    -3.4    -3.8    -4.5    -7.2   -10.8   -11.8 -9999.9M   -2.9 -9999.9M  -11.0 -9999.9M-9999.9M   -6.0 -9999.9M-9999.9M   -3.6    -3.9 -9999.9M   -7.4 -9999.9M   -3.8    -4.1    -6.8    -3.0    -4.8 -9999.9M   -5.5   -10.8 -9999.9M  -21.0 
 2021 11 -9999.9M-9999.9M-9999.9M-9999.9M   -7.0   -11.3   -11.4 -9999.9M-9999.9M-9999.9M-9999.9M  -15.3 -9999.9M-9999.9M  -16.4   -21.2   -26.0   -26.2 -9999.9M  -28.6   -34.6 -9999.9M  -32.1 -9999.9M-9999.9M  -34.1 -9999.9M  -17.7   -25.5 -9999.9M-9999.9M
 2021 12   -30.1   -31.8   -33.2   -36.3   -27.0 -9999.9M  -27.1   -25.8   -30.0   -28.5   -22.6   -18.4   -21.3   -25.6   -31.3   -33.5   -34.8 -9999.9M-9999.9M  -22.0 -9999.9M  -31.6   -29.2 -9999.9M-9999.9M  -33.6   -32.0   -33.5   -31.3 -9999.9M  -33.3 
 2022  1 -9999.9M  -30.1   -30.8 -9999.9M  -23.8 -9999.9M-9999.9M-9999.9M  -29.9 -9999.9M  -30.9   -28.8 -9999.9M-9999.9M  -33.4   -32.5   -26.8   -25.2   -24.5   -26.0   -30.0 -9999.9M  -31.9   -35.9 -9999.9M  -38.5 -9999.9M  -30.6   -25.8   -30.8   -32.3 
 2022  2   -33.0   -35.2   -41.6   -42.3   -33.0   -33.4   -41.7   -41.8   -43.1 -9999.9M  -39.8   -38.0 -9999.9M  -35.3   -30.8 -9999.9M  -33.7   -38.6   -38.0   -34.1   -30.3   -28.0 -9999.9M  -26.2   -30.9   -29.2   -28.9   -29.5 -9999.9M-9999.9M-9999.9M
 2022  3   -25.7 -9999.9M  -26.5   -30.1   -26.0   -22.4   -23.9   -27.1   -26.5 -9999.9M  -29.6   -33.1 -9999.9M  -34.7 -9999.9M-9999.9M-9999.9M  -23.5   -23.9   -25.6   -28.8   -34.0   -36.8   -35.0   -30.1   -28.1 -9999.9M  -34.7   -33.5   -30.0   -26.7 
 2022  4 -9999.9M  -27.7   -28.6   -25.2   -22.6 -9999.9M  -22.9 -9999.9M  -27.1   -27.4 -9999.9M  -25.7 -9999.9M  -26.4   -27.2 -9999.9M  -25.3   -26.5   -25.8   -25.2 -9999.9M  -29.6   -21.0   -15.2   -15.0   -11.8 -9999.9M  -18.4   -15.1   -14.0 -9999.9M
 2022  5   -13.5 -9999.9M   -7.4    -8.3    -9.7   -13.1   -15.7   -13.6   -13.2   -11.6   -10.4    -7.6    -4.1 -9999.9M   -8.4    -8.9    -3.8    -5.6 -9999.9M   -9.6   -10.4 -9999.9M-9999.9M   -8.3 -9999.9M   -8.0    -9.3 -9999.9M-9999.9M   -4.9 -9999.9M
 2022  6 -9999.9M   -5.7 -9999.9M   -3.1    -1.7    -1.4 -9999.9M   -2.3 -9999.9M   -0.7 -9999.9M-9999.9M    2.1 -9999.9M-9999.9M-9999.9M-9999.9M    3.5     5.8     6.7 -9999.9M-9999.9M    2.0     2.3     2.0 -9999.9M    1.2     1.4 -9999.9M-9999.9M-9999.9M
 2022  7 -9999.9M-9999.9M-9999.9M-9999.9M    5.8 -9999.9M-9999.9M    3.3     4.7     8.9 -9999.9M-9999.9M   11.9     9.7     6.7     2.0 -9999.9M    1.1     2.6     3.1     2.7 -9999.9M    9.8    12.1 -9999.9M    3.9     5.6     2.0     1.4     1.2     2.2 
 2022  8     2.5     2.2     3.4     4.4     5.9    10.2    11.2     6.4     1.0 -9999.9M-9999.9M    0.7     2.7     1.3    -0.1    -0.7 -9999.9M-9999.9M    1.9     0.3     0.0    -0.2 -9999.9M    0.6    -1.2    -0.6    -0.2 -9999.9M-9999.9M   -0.9    -0.1 
 2022  9    -1.8    -1.7    -2.1    -0.5     1.4    -0.5     0.1     0.3    -0.4    -0.8    -0.6    -0.6 -9999.9M   -1.3    -2.3    -2.2 -9999.9M   -2.3    -4.4    -4.1    -5.0    -5.7    -4.5    -4.5    -5.0    -6.4    -4.2    -4.6    -5.0    -4.9 -9999.9M
 2022 10    -2.2    -3.0 -9999.9M-9999.9M-9999.9M   -3.6    -3.6 -9999.9M   -4.3    -5.4    -5.4    -5.3    -7.5    -5.3 -9999.9M  -10.1   -15.1   -11.8    -7.1    -6.6   -12.5 -9999.9M  -15.5   -16.2 -9999.9M  -19.0 -9999.9M-9999.9M  -19.8 -9999.9M  -17.6 
 2022 11 -9999.9M  -17.7   -21.2   -23.7   -22.2   -20.1 -9999.9M  -23.0   -24.5   -21.5   -16.8   -16.8   -16.5   -16.7   -18.9   -15.7   -21.3   -25.3   -30.9   -29.5   -25.7   -23.8   -25.2   -25.2   -23.9   -24.8 -9999.9M  -30.2 -9999.9M-9999.9M-9999.9M
 2022 12 -9999.9M  -39.1   -38.5   -38.1   -29.5   -20.4   -28.2   -32.4   -29.3   -28.7   -26.5   -30.9   -25.8 -9999.9M  -22.5   -25.8   -25.9   -25.1   -29.8 -9999.9M-9999.9M  -35.6   -37.8   -37.9 -9999.9M  -30.2   -31.9   -32.9   -27.0   -31.1   -34.8 
