7077571, SAINT MICHEL DES SAI, QUE , station not joined, Homogenized daily mean temperature           , Deg Celcius,          Updated to 2022
7077571, SAINT MICHEL DES SAI, QUE , station non jointe, Temperature quotidienne moyenne homogeneisee , Deg Celcius, Mise a jour jusqu a 2022
 Year Mo  Day 01  Day 02  Day 03  Day 04  Day 05  Day 06  Day 07  Day 08  Day 09  Day 10  Day 11  Day 12  Day 13  Day 14  Day 15  Day 16  Day 17  Day 18  Day 19  Day 20  Day 21  Day 22  Day 23  Day 24  Day 25  Day 26  Day 27  Day 28  Day 29  Day 30  Day 31
Annee Mo Jour 01 Jour 02 Jour 03 Jour 04 Jour 05 Jour 06 Jour 07 Jour 08 Jour 09 Jour 10 Jour 11 Jour 12 Jour 13 Jour 14 Jour 15 Jour 16 Jour 17 Jour 18 Jour 19 Jour 20 Jour 21 Jour 22 Jour 23 Jour 24 Jour 25 Jour 26 Jour 27 Jour 28 Jour 29 Jour 30 Jour 31
 2009 10 -9999.9M-9999.9M-9999.9M-9999.9M-9999.9M    7.4     8.1     6.8     7.7     3.2     2.6     3.0     2.1    -0.7    -2.4    -2.1    -1.7    -0.8     0.2     6.0     2.9    -2.7    -4.4E    3.7     3.4     1.2     1.7     4.7E    4.4E    5.8     8.8 
 2009 11     0.9     0.4     1.9    -2.1    -1.9    -3.2    -0.2     6.0     6.2     5.4     4.8E    0.5     0.3E    3.2     6.6     1.3    -1.0     0.9     0.8     3.9     1.4    -0.6    -2.5    -2.3     2.8     5.4     4.0     0.8    -1.8    -4.5 -9999.9M
 2009 12    -2.6E   -2.3     0.9    -1.0    -4.7    -8.1   -10.8   -13.0   -12.7    -7.7   -13.4   -11.3    -8.3    -7.8    -9.4   -20.2   -21.3   -18.3   -18.3   -15.3   -12.6   -11.3E   -7.5    -4.5    -9.1    -5.7    -1.7    -9.2   -18.9   -16.8    -7.9 
 2010  1    -6.3   -10.1    -8.7    -8.7    -5.8    -7.7    -9.9   -13.6   -17.9   -14.8    -9.2E  -15.3   -14.9    -6.9    -2.3    -4.3    -9.8    -5.5    -3.1    -4.9    -7.9   -11.4   -12.4    -6.8     0.4E   -1.0    -6.9   -12.7   -22.3E  -19.8E  -18.0 
 2010  2   -18.3   -21.0   -16.1   -14.9   -14.8   -13.3   -10.1   -10.9    -6.0    -5.6    -9.5    -7.9    -5.1    -7.9    -6.5    -5.3    -3.1    -3.8    -6.3    -5.3    -6.4    -2.6    -0.7    -1.1    -0.6    -0.5     0.7     0.1 -9999.9M-9999.9M-9999.9M
 2010  3     0.2    -2.4    -5.5    -3.0    -4.4    -2.3    -1.1    -0.3    -4.9    -5.1    -0.7     0.1     1.9     3.9     4.0     1.6     1.2     5.0     4.0    -2.9    -3.3    -1.1    -2.7     1.4    -3.1   -13.4   -10.7    -0.9    -0.3    -0.6     7.4 
 2010  4     9.2    11.5    12.6    10.8     7.4     7.2     4.8     0.4     3.1     2.8     4.1     3.0     1.8     5.0     3.2     0.9    -0.1     2.3     3.8E    7.4     5.9     3.8     4.9     5.6     7.6     5.7     2.8     5.7     4.9     9.1 -9999.9M
 2010  5     7.6    15.0    12.8    11.1     9.5     8.8     3.6     0.3     3.5E   -1.0     3.2     4.1     7.8     9.4    11.0    11.3    12.3    13.4    14.3    12.7    10.5    14.1    18.0    19.9    22.7    21.6    15.8    15.0    15.2    13.3     9.6 
 2010  6    15.6    12.8    13.8E   14.6    10.7E    8.0    10.8    10.8E   11.0    12.5E   13.4    16.7E   16.0    13.2    11.4    10.9    16.3E   19.7    20.0    16.7E   14.5    14.8    19.5    13.2    13.5    13.8    11.9E   18.7    13.5E    8.5 -9999.9M
 2010  7    11.5    16.1    19.6E   22.6    24.3    25.1    24.0E   24.4E   20.5    19.2    19.4    20.2    18.6    21.5E   18.6    23.4    21.0    16.7    16.9    16.0    14.5    16.9    15.5    19.6    16.3    17.0    18.2    20.1    13.1    10.3    11.7 
 2010  8    14.3    16.4    19.5    22.0    20.6    11.0    10.2    15.9    17.1E   16.4    15.6    15.3E   15.5    17.8    18.7    19.8    14.6    14.2    15.5    12.6    11.0    13.0    16.0    14.9    14.3E   17.8E   12.6    18.5    21.5    21.4    24.8 
 2010  9    26.0    20.7    22.3    14.6     9.8    11.5    15.6    14.6    11.0    12.5    11.5    10.3    12.8     8.8     8.8     6.4     7.8     8.0     8.5     7.3     7.3    11.1     4.9    12.3    11.7     8.0    11.9    15.4    12.8    11.6 -9999.9M
 2010 10    12.2E    5.2     4.1     4.8     4.2E    6.4    10.4     8.0     4.3     7.4     2.8     3.3     5.3     7.1     5.0     3.3     3.7     0.9     1.6     4.3     2.6    -0.5    -0.6    -1.9     3.9E    9.5     9.6     7.5     0.4    -1.0    -2.6 
 2010 11     0.8    -0.7    -3.4E   -0.4    -0.2    -2.3    -2.5    -0.1     2.9     1.7     1.5     2.5     4.1     3.3     4.9E    3.6     1.2E   -2.6    -6.8    -4.2   -10.6    -2.9     2.5    -8.2    -9.2    -4.1    -6.8    -4.8E   -1.7    -3.1 -9999.9M
 2010 12     2.9    -0.9    -3.9E   -6.0    -7.0    -6.5    -8.1   -11.9   -18.3   -17.5    -9.6    -7.1    -6.1   -17.9   -20.2   -17.5   -19.6    -9.3    -9.3    -9.8E-9999.9M   -4.6    -8.4   -10.7   -11.7   -14.3   -17.4   -11.9    -9.9    -3.5     0.7 
 2011  1     3.7     0.2   -10.5   -12.7   -13.0   -13.0   -13.5    -9.7    -9.1    -9.5   -12.1   -11.6   -12.0   -13.5   -13.6   -17.7   -21.4   -11.7   -14.8   -17.0   -16.7   -22.0   -27.4   -26.1   -17.1   -13.2    -7.8   -12.1   -17.3   -20.0   -21.4 
 2011  2   -17.9   -18.6   -17.2    -8.0    -5.0    -5.2    -8.0   -15.7   -18.0   -20.9   -12.1   -13.8   -17.3    -7.3E  -18.3   -10.3    -0.2     2.6    -9.9   -14.0   -18.2   -13.0   -12.5   -11.8   -10.9   -16.9   -13.4    -7.2 -9999.9M-9999.9M-9999.9M
 2011  3    -9.9   -13.0   -19.4   -15.4    -3.4    -9.1   -12.3   -14.2   -13.4    -2.8    -0.6E    0.8    -4.0    -5.0    -4.7    -3.1     3.6    -0.7    -7.3    -7.4    -3.4    -5.8    -8.9    -7.9    -9.4    -8.7   -10.3    -5.9    -2.3     0.0    -3.2E
 2011  4     1.0     1.7     1.0    -2.1     2.9E   -3.3    -4.2    -1.0     4.0     5.0     8.9     3.0     0.8E   -2.0E   -5.5    -4.6     1.7    -2.7    -2.9E   -2.6    -0.5E    1.4     2.4     4.0     4.9     4.2    10.9    11.9     4.6     6.9 -9999.9M
 2011  5     6.7     7.3     4.9     3.2     1.9     3.0     6.0     5.6     8.4     7.6     8.7E    9.8    11.4     9.6     8.0     4.3     5.4    11.8    12.7    16.8    16.6    13.5    16.3    11.4    10.2     7.9     9.9    12.2    16.9    17.4    17.9 
 2011  6    19.7     9.3    11.1    10.7    17.3    16.2    18.9    21.5    16.5    12.4    12.4    12.4    10.1    14.1    17.9    17.4    18.5    14.1    13.1    13.7    15.0    14.6    15.4    13.2    14.0    15.1    16.0    16.2    13.9    12.9 -9999.9M
 2011  7    18.9    18.5    21.2    18.3    17.6    16.3    14.5    13.9    16.3    15.5    21.8    20.1    17.1    16.7    17.2    18.9    21.2    19.8    16.6    20.5    23.9    22.3    20.1    17.2    16.6    16.1    18.6    18.1    18.7    16.2    16.6 
 2011  8    20.7    16.0    14.6    17.7    19.0    21.1    19.3    15.3    15.2    18.4    14.6    17.5    18.8    18.0    18.3    15.1    13.9    18.4    18.0    17.7    15.9    11.6    10.7    18.4    16.7    15.4    15.8    12.3    13.2    14.1    11.7 
 2011  9    15.4    17.6    19.5    17.7    13.2    10.0    11.8    15.0    14.8    11.8E   10.7    15.3    13.8    10.9     8.1     6.7     8.2     7.9     8.5    11.5    12.0    14.8    13.2    18.0    15.3    13.6    12.8    13.1    14.7     9.3 -9999.9M
 2011 10     4.4     7.7E    9.5     8.7     6.3     4.3     9.1    17.9    19.3     9.9     8.5     8.9    11.4    13.4     9.2     6.4     4.9     6.7E    2.8E    6.2     6.5     4.6     1.9     4.5     3.3    -0.6    -2.2    -4.3    -3.1E   -0.2     0.5 
 2011 11     3.1     8.1     4.6     0.0     0.3     4.1    10.2     6.0     5.2     6.6     0.2     0.0     3.9     9.8     3.8     3.3    -0.7    -3.1     2.1    -1.9    -8.7    -7.7    -4.0    -0.4     3.6     2.1     4.8     3.8    -0.9    -1.0 -9999.9M
 2011 12    -5.4    -5.1    -5.8     2.6     2.2    -3.5    -3.9    -5.6    -5.2   -10.1    -9.9    -1.8    -0.5    -1.2     3.2    -4.9   -16.7   -16.0    -4.8   -13.0    -9.8    -2.3   -13.9   -22.2   -14.9    -5.8    -0.7   -11.7   -22.3   -22.2    -7.5 
 2012  1    -1.5    -8.0   -22.4   -21.0   -16.9   -16.9    -4.5   -13.7   -10.3   -12.3   -20.1   -10.7   -11.1   -21.1   -23.0   -18.4    -6.7   -16.8   -18.3   -19.6   -21.9   -17.6    -5.4    -1.0    -9.6   -12.9    -5.8E   -5.0    -6.1   -17.8   -16.5 
 2012  2    -9.4   -14.1   -14.6   -15.2   -15.8    -4.4   -16.7   -15.6    -6.1   -10.0   -17.9   -19.3   -13.8   -12.9E   -2.2    -2.8    -1.0    -5.7   -11.4   -10.3    -9.6    -0.9    -3.0    -4.8    -8.5   -14.7   -14.2   -13.7   -15.0 -9999.9M-9999.9M
 2012  3    -9.7    -7.2    -3.2    -8.6E  -15.4   -15.4     0.8     1.0    -7.4   -10.1     0.9     3.7     2.9    -0.6    -1.2     1.1     3.3    10.7     9.7    10.6    12.0    10.4     5.0     3.8E    1.3    -7.2    -5.7    -2.9    -3.8    -5.1    -3.8 
 2012  4    -3.2    -1.4     0.1     0.7    -0.2    -0.4     1.9     6.3     2.4     2.9     3.5     3.0     3.5     6.7    10.7    18.5     6.7     3.5     7.0     0.8     0.3     1.4     0.6     3.6     2.3     2.4    -3.2    -2.7    -0.2     4.1 -9999.9M
 2012  5     5.2     8.0     9.7     8.0     6.3     7.1     8.5     9.1    13.2     5.9     7.8     9.5    11.3    12.0    11.4E   11.4     5.1     6.8    16.3    19.2    19.1    12.5    13.2    15.8    18.9    11.6    11.1     9.8    16.9    13.8     8.1 
 2012  6     8.7    10.9    10.2    10.6    12.6    12.4    13.8    11.8    12.3    14.4    19.9    19.2    11.1    12.1    13.3    15.6    17.2    19.4    17.7    24.5    26.5    19.9    15.7    15.5    13.3    12.1    15.0    19.2    21.1    20.1 -9999.9M
 2012  7    15.9    15.2    16.2    20.2E   19.0    19.4    19.4    15.4    14.7    13.7    14.8    20.0    22.1    23.2    21.6    20.5    17.7    14.6    12.9    13.8    15.5    20.1    20.9    15.9    16.6    16.3    16.2    16.4E   17.1    19.2    20.3 
 2012  8    19.0    19.9    16.9    18.6    19.7    15.3    14.7    17.2    16.3    14.6    16.8    19.5    18.1    16.4    17.0    16.9    15.8    12.0    12.1    12.9    12.9    15.2E   16.1    14.7    21.4    20.9    17.4    12.9    14.0    18.9    19.4 
 2012  9    14.2    13.3    14.3    16.9    20.7 -9999.9M   14.6    14.4     9.5     7.0     9.2    15.9    15.4E   16.3     9.6E    8.2    12.3    12.0     4.4     6.0     9.6    11.4     6.7     5.5    11.2     8.2     5.5     5.8     6.2     9.1 -9999.9M
 2012 10     8.8     8.3E   10.4    13.6    12.1     7.2     1.1     2.3     5.1     6.6     2.5    -0.5     0.9     2.4    10.5     2.0     5.4     9.9     8.9     8.8     6.5     6.6     4.0     2.4     5.7    11.6     9.1     5.6     8.0    12.4     8.9 
 2012 11     4.0     3.0     0.8    -2.4    -4.6    -6.3    -6.2    -6.0    -2.4    -3.2    -3.2     6.9     1.3    -3.6    -1.7E   -4.9    -6.1    -5.1    -3.1    -2.6     3.6     4.8     6.2    -2.4    -8.1   -12.9   -12.1    -8.4   -12.2   -18.0 -9999.9M
 2012 12   -16.7    -1.8     0.2     4.6    -1.5    -7.0    -2.6    -1.8    -6.8    -6.8E  -15.1   -14.8    -7.3    -8.0   -16.2   -14.3    -5.6    -1.9    -1.7    -4.5    -1.4    -6.9   -13.6   -16.1   -15.5   -17.0   -11.8   -10.3E  -14.5   -16.5   -11.0 
 2013  1   -17.0   -24.4   -21.3    -8.7   -13.5   -15.1   -17.4    -2.2    -1.2    -5.6    -6.8     2.5     4.6    -1.8   -11.6   -11.1E  -17.7   -26.7E  -11.2   -11.7   -25.2   -26.9   -29.6   -24.5   -20.7   -21.4   -18.1   -13.1   -10.5     3.6    -4.3 
 2013  2   -20.8   -21.4   -19.0   -18.5   -22.1   -19.2   -24.9E  -17.1   -17.5   -15.7   -10.2    -3.7    -5.6    -4.4    -5.7   -15.7   -17.6   -14.9   -10.4    -3.3E   -6.6    -2.9    -5.0    -2.3    -1.4    -3.0    -1.7    -2.5 -9999.9M-9999.9M-9999.9M
 2013  3    -2.6    -5.0    -4.9    -5.9     0.8    -0.3    -3.5    -2.0    -1.2     1.5     6.2     3.7    -2.1    -9.8   -11.6   -14.9   -15.9   -14.3    -7.2    -7.0    -6.3    -6.7    -3.1    -0.2E   -1.6     0.3     1.4     2.6     1.5    -0.7     2.7 
 2013  4    -4.1   -11.0    -7.1    -3.0    -5.5    -7.2    -0.4     2.1     3.4     0.6    -5.5    -4.3     0.5     0.5     1.4     6.1     2.0     4.8     8.9    -0.9    -2.6    -0.5     3.1     8.0     1.9     2.8     4.7     7.7     8.3    10.2 -9999.9M
 2013  5    12.4    15.7    11.4    12.0    13.9    15.0    16.0    12.7E   11.7     8.8E    9.3     4.7     2.7     4.3     4.2     7.0     8.8    10.2    10.7    14.7    11.8    13.4     8.3     6.4     6.9     8.4     8.7     8.0E   12.0    17.0E   21.9 
 2013  6    20.3    17.3     9.6     8.6     9.6     8.4    11.0    11.9    13.4    15.3    12.2    15.2    14.3    13.2    12.1    10.2     9.3 -9999.9M   10.2    10.8E   16.3    15.2    17.1    22.6    22.1    18.4    15.5    12.5    15.1    14.6 -9999.9M
 2013  7    14.5    14.6    18.0E   19.5    21.7    21.3    19.3    15.5    20.0    20.4    13.7    14.5    17.6    18.7E   22.0    22.8    24.2    21.2    23.3    15.3    11.5    13.7    17.6     8.4    11.1    14.3    15.5    19.0    15.4    15.0    16.7 
 2013  8    16.8    16.5    15.8    11.5    12.1    14.6    14.4    18.6    18.5    14.9    16.0    16.6    14.6    13.3    14.0    11.0    12.3    16.2    19.5 -9999.9M-9999.9M-9999.9M-9999.9M   11.9    13.6    18.5    19.5    19.6    16.1    19.3    16.9 
 2013  9    15.8    14.4    14.7     9.8     6.6     7.0E   12.5     6.7     9.4    13.2    17.5    16.8     8.7     9.1     8.6     3.7     6.6    11.6    11.8    18.0    15.2     8.1     5.7     9.9     9.6     8.3E   11.2    11.0E   11.1    12.6 -9999.9M
 2013 10    16.4    16.0E-9999.9M    9.6     7.6     4.9    11.1     4.8     7.4    11.5    10.7    11.9    11.3    10.1     6.5    10.6     9.7     8.2     5.9E    3.5     0.7     3.0     0.5     0.5     0.4     0.4     0.9    -1.6    -4.1    -2.2     4.2 
 2013 11     8.1    -2.1    -3.2    -4.6     1.3     3.6     5.0    -1.1    -1.8    -0.9    -4.9    -7.4    -5.6E-9999.9M    1.4     3.6     2.9     3.5     0.4E   -5.3    -5.0    -1.4    -8.0   -13.5   -11.6    -2.3    -6.0   -12.7   -15.9   -18.3 -9999.9M
 2013 12    -7.7    -4.3    -1.5    -2.8     2.1    -4.1   -11.1   -14.8   -11.0   -11.4   -17.7   -23.8   -22.5   -28.7   -16.8   -22.5   -25.9   -17.6   -10.4   -12.4   -11.2   -13.0   -13.6   -20.4   -21.4   -12.4   -11.4E   -7.2   -13.7   -20.6   -24.0 
 2014  1   -28.7   -33.9   -27.6   -21.9    -8.2    -8.2   -20.9   -15.9   -16.8   -12.4     0.2    -0.5    -0.7     0.1    -3.2    -8.5    -8.4    -4.3   -10.8   -22.5   -27.6   -25.8   -23.3   -24.0   -16.0   -24.0   -18.2   -22.1   -17.9   -12.1   -12.2 
 2014  2   -12.0   -12.0   -17.1   -15.6   -18.2   -21.7   -11.6   -17.5   -20.5   -16.7   -22.9   -21.0   -11.2   -10.0   -12.6   -14.9   -17.2   -17.2    -3.9    -4.7    -5.7    -3.0    -6.6   -14.1   -18.4   -18.3E  -19.1   -20.1 -9999.9M-9999.9M-9999.9M
 2014  3   -16.5   -20.6   -22.4   -16.7   -19.8   -18.7   -11.2    -9.7   -14.8    -6.1    -2.7   -11.8   -16.2   -16.5    -8.4   -19.2   -19.7   -15.3    -8.3    -0.6    -7.4    -9.2   -18.3   -18.3   -14.0   -13.3   -14.5    -2.6    -3.7    -3.5    -0.5 
 2014  4    -0.4    -0.8    -5.0    -4.1    -0.7     0.8     5.7     1.1    -4.3     0.8     1.6     1.2    -0.9    10.9    -2.1    -9.1    -5.1     0.5    -0.2     0.2     9.7     3.9     2.1     2.4     2.8     1.5     4.0     5.0     6.2     6.2 -9999.9M
 2014  5     7.5     6.7     7.5     7.4     4.6     4.3     6.0     5.3     7.1    15.7    11.3     6.6     8.1    14.8    20.3    15.7     8.1     7.6     8.6    10.7    10.9    12.4    12.4    12.0    14.0    17.9     9.4     9.5    10.6    11.2    11.2 
 2014  6    14.6    19.2    17.9    12.3    12.0    15.2    17.0    17.2    15.6    16.2    14.1    12.9    15.5    12.7E   13.1    13.0 -9999.9M-9999.9M-9999.9M-9999.9M-9999.9M-9999.9M   15.2    16.0    18.9E-9999.9M   16.6    18.4    19.4    22.0 -9999.9M
 2014  7    23.7    20.8    14.7E-9999.9M   15.5    18.6 -9999.9M-9999.9M-9999.9M-9999.9M   14.1    16.3    17.5    15.4    13.2    15.6    14.9E-9999.9M   16.7    17.2    17.3E   19.8    14.9    12.6    16.0    18.4    17.4    12.7 -9999.9M-9999.9M   12.8 
 2014  8    16.9    17.9    17.0    17.2    14.6    14.1    16.0    17.3    17.5    19.0    20.0    17.7    15.9    11.8    11.6    12.8E   13.8    12.7    12.9    14.8    17.6    18.2    17.9    18.4    18.5    20.0    15.2    12.5    13.4    17.3    20.8 
 2014  9    18.5    19.5    17.5    18.9    21.6    12.5    10.1    14.6    13.4    13.6    12.7     5.9     5.3     4.2     7.3    10.0     7.1     1.4     2.9     8.9    13.7     6.3     7.2     9.2    12.8    13.7    17.9    16.7    10.4    11.9E-9999.9M
 2014 10     8.2    10.4     9.7    10.0     5.5     6.7    10.3     7.2     3.9     4.7     3.8     4.6     5.9    16.3 -9999.9M-9999.9M-9999.9M-9999.9M-9999.9M-9999.9M-9999.9M-9999.9M    4.4     8.7     3.6     4.9     2.9     4.9     5.4     2.7E   -0.2 
 2014 11     0.5 -9999.9M    0.0     4.1 -9999.9M   -0.5E   -2.4    -2.1E   -2.7    -2.4E   -1.1E    0.8    -3.8    -6.5 -9999.9M   -2.9    -3.9 -9999.9M-9999.9M-9999.9M-9999.9M-9999.9M-9999.9M-9999.9M-9999.9M-9999.9M-9999.9M  -12.0   -12.6     0.4 -9999.9M
 2014 12    -9.9   -16.5    -5.0   -15.9   -17.1    -8.1   -19.4   -16.4    -5.6    -4.5    -3.9    -2.2    -5.6    -8.2    -5.0    -3.7    -2.7    -5.7   -10.3   -14.1   -14.2   -16.1    -4.9     1.1     3.1     0.2     1.6    -1.5   -13.8   -22.1   -20.0 
 2015  1    -9.7   -16.1   -22.5    -8.6   -18.6   -23.7   -23.6   -23.0   -16.5   -19.9   -12.3   -15.7   -23.1   -20.7   -15.0   -17.2   -24.2    -8.3   -10.3   -19.3   -17.7   -18.5    -7.7    -6.9   -17.2   -23.0   -19.7   -14.0   -15.1   -16.8   -21.7 
 2015  2   -25.1   -26.0   -24.2   -15.7   -23.7   -23.3   -19.6   -21.8   -21.0   -14.9   -18.3   -17.7   -26.0   -20.4   -25.0   -22.2   -22.5   -19.1   -13.6   -19.1   -18.0   -13.3   -26.4   -23.6   -16.1   -22.8   -22.2   -13.7E-9999.9M-9999.9M-9999.9M
 2015  3   -12.7   -12.2   -15.2    -8.6E-9999.9M  -20.2    -9.2    -9.7    -8.1    -2.6    -2.3   -12.7   -11.7    -4.2    -8.7    -7.7    -1.3   -14.7   -12.1    -8.1    -9.2   -17.8   -13.2    -9.9    -5.1     0.2    -8.4   -11.7    -9.3    -2.7    -8.3 
 2015  4   -10.6    -3.8     2.7    -8.2   -12.3   -10.0    -6.2    -5.3     1.7     4.4     1.7     7.5     8.2     6.3     1.9     3.5     6.5     0.4     3.0     1.3     3.6     2.1     0.1    -2.7     2.8     3.1     7.2     8.4     7.1     6.9 -9999.9M
 2015  5     9.1     9.5    11.5    15.4     7.5     9.6    12.5    18.0    17.7    11.3     5.8    11.4     7.4     8.1     9.6    12.1    15.7    15.7    13.8     6.1     9.5     1.6     5.5    14.8    15.7    19.5    19.4    11.2    12.8    14.4     8.2 
 2015  6     8.8     5.1     9.8    13.7    11.2     8.9     9.4    15.6    16.1E   16.9    16.1    16.6    14.6    14.4    15.6    13.1    11.8    16.5    10.4    11.5    16.4    18.0    16.1    11.6    11.8    12.1    13.5    12.8    13.5    16.7E-9999.9M
 2015  7    15.6E   14.8    15.9    15.5    16.7    17.1    19.3    14.8    14.7    17.0    17.4    18.8    19.5    17.8    10.4    12.2    14.4    17.3    20.8E   20.3    16.7    12.1    15.8    16.2    17.0    20.7    20.5    21.2    22.5    21.0    17.6 
 2015  8    15.6    16.1    16.6    15.1    14.7    14.5    13.3    15.2    15.6    17.3    17.1    15.6    14.9    17.4    20.5    20.5    24.1    22.0    23.2    21.7    18.5    16.7    16.4    19.2    16.7    14.4    13.3    13.3    14.3    18.4    16.3 
 2015  9    15.6    20.2    15.2    13.7    16.3    19.6    21.4    19.6    16.2    15.3    14.3    11.1    11.6    15.0    16.9    18.0    18.9    18.0    15.1     8.8    10.4    11.0    10.4E    8.8     7.0     7.1    10.5    17.0    12.5     4.7 -9999.9M
 2015 10     4.4     3.6     4.8     5.7     9.0     7.9     6.3     2.9     2.4     2.0E-9999.9M   11.0E   11.2     3.5     3.6     2.2    -2.0    -3.1    -1.6     2.3    -0.9     6.1     0.0     0.4     3.7    -1.0E-9999.9M    0.8E    7.7    -0.8    -1.7 
 2015 11     4.2     4.9     5.3     4.0     8.3    10.2     1.3    -0.2     5.6     1.6E    0.5E    5.8     1.2    -2.7    -0.9    -3.0    -3.8    -2.2     7.4     0.9E   -1.7    -0.3E  -10.4   -10.4    -6.5    -2.8     1.0    -6.9   -11.1   -12.1 -9999.9M
 2015 12    -3.2     0.3    -1.4    -1.4     2.0    -0.2    -2.7    -5.1     0.4E    2.5     5.3     2.5E   -0.2E   -0.8E   -0.8    -3.8    -0.5    -1.0    -6.9    -8.7    -2.7    -0.4     2.0     7.7     1.3    -2.1    -2.3E-9999.9M  -13.8    -9.3    -6.6 
 2016  1    -7.7    -5.0   -13.5   -21.2   -20.6    -7.9    -2.7    -4.5    -1.6     1.9    -9.5   -14.3E  -15.7E  -18.9   -19.2    -9.2   -14.1   -13.8   -14.1   -13.0   -12.8   -12.1   -15.0   -15.2E-9999.9M   -3.6E  -11.2    -8.7E   -6.6E   -7.2    -0.3 
 2016  2    -3.5   -10.3    -3.2    -6.5   -13.2   -11.0   -13.5   -10.4   -10.1E  -11.9   -20.1   -22.3   -21.8E  -23.3E-9999.9M  -15.4E  -10.3   -15.4   -14.2    -1.2   -11.9   -20.8   -18.0    -7.3    -6.4   -15.6E-9999.9M  -10.7    -9.5 -9999.9M-9999.9M
 2016  3 -9999.9M-9999.9M  -18.5E  -19.7   -15.2    -6.4    -1.3    -0.6     5.6     0.9    -3.0     2.7    -1.9    -3.0     1.5     2.7     0.8E-9999.9M  -10.6    -9.8    -9.7    -8.5    -8.0   -10.7E   -5.7    -4.2     1.0E   -1.0    -4.6    -2.8     5.7 
 2016  4     4.9     0.8E-9999.9M  -15.5   -14.0   -10.2    -1.9    -4.3   -10.8   -11.7    -5.1    -0.7    -2.8    -1.7     1.4     5.4     7.8     8.7E-9999.9M    4.1     6.2     4.3    -0.1    -1.0    -2.4    -2.4    -5.5    -1.8    -1.2     2.6 -9999.9M
 2016  5     4.3     3.0     6.1     4.7     5.2E    4.3E    8.7E    2.1     1.5     6.2     6.1E   12.1    13.2    10.7     3.0    -0.3     2.9     8.3     9.7    11.4    15.1    15.1E   15.2E-9999.9M-9999.9M   12.0 -9999.9M   16.6    20.7    19.7    12.3 
 2016  6    13.3    12.1    15.6    14.9    12.0    15.1E   12.5     5.7     5.2    10.8     9.0E    6.8E   11.9    14.7    15.8    14.4    15.3    16.8    22.2    21.2    11.6    10.8    11.3    13.0    17.8    20.1    20.7    17.5    12.6    15.9E-9999.9M
 2016  7 -9999.9M   12.5E-9999.9M   17.8    19.3    17.8    17.3    16.9    13.3    13.6    16.5    17.9    19.0E   17.6E   18.1    16.1    18.1    16.4    12.8    17.6E-9999.9M   17.7E   16.7    16.5    16.5    18.0    17.1E   17.2    14.5    15.7    16.9 
 2016  8    17.0    17.8    18.8    20.9    19.1E   16.4    16.3    13.1    14.9    20.1    19.5E-9999.9M   15.9 -9999.9M   18.4    18.5E   18.7    16.3    16.4    19.4    17.1    14.5    14.3    19.9    20.9    17.4    15.8    19.2    16.5    15.7    17.7E
 2016  9 -9999.9M   12.1    12.3    14.6    15.5    15.0E   20.0    19.0    17.0    16.1    14.2    14.8    17.2    10.8     8.9     8.9    11.9    17.3    14.6E   15.5E   14.0E    8.2     7.1     5.9     5.8     6.0    12.7     7.4     7.7E    7.9 -9999.9M
 2016 10    11.6     9.4    10.1     9.2     8.8E    9.0E   14.8     9.2     3.8     3.7     4.4E   10.0     5.3     1.3     7.6E   10.7     4.8    11.9     9.1E-9999.9M    5.1E    4.7E    1.5     0.6    -0.5    -3.0    -2.8     1.1     1.5     1.3    -1.3 
 2016 11     0.1     6.7     3.5    -0.8E-9999.9M    0.6E    2.9     6.3     2.3     1.5     2.0     0.2     6.2     4.9E    4.9     3.4     3.9     4.6     0.8E    0.6E   -4.0    -5.4    -4.5    -5.0    -2.7    -1.4    -3.9    -5.7    -3.1     0.5 -9999.9M
 2016 12    -0.7     0.3    -4.0    -6.9    -5.2E-9999.9M   -2.6    -4.2    -9.4   -14.1   -15.1    -9.5    -7.1   -14.1   -16.0E  -26.4   -16.0   -16.7   -23.7   -12.4    -6.5E   -5.5E   -1.7    -2.5   -14.2   -11.1    -2.0   -10.4    -9.3   -12.1   -18.8 
 2017  1    -8.6    -4.5    -7.5    -4.8   -13.8   -17.2E  -20.1E  -23.9   -22.6    -7.3     0.1     0.7E  -15.2   -21.7   -14.1    -6.4    -5.6    -5.7    -1.2    -1.9    -0.9    -1.7E   -3.9E-9999.9M   -4.6    -4.0    -6.6    -5.9    -9.2   -14.2   -15.9 
 2017  2   -16.6   -13.5   -18.8   -16.9   -10.3   -17.0   -18.2E  -12.8E  -18.6E  -22.1   -17.2   -18.5    -8.8   -10.3    -8.1    -7.3    -8.3    -0.6    -0.5    -6.9    -9.2     1.4     3.2E-9999.9M   -3.1E   -6.9    -7.5    -9.5E-9999.9M-9999.9M-9999.9M
 2017  3    -1.8   -10.5E  -18.9   -22.1   -15.7   -15.4E   -1.5     1.2   -12.6   -19.7   -24.0E-9999.9M  -14.9E  -14.3    -9.9   -11.1   -10.3   -11.0    -6.4    -4.9    -2.6   -16.0   -10.2    -2.7    -7.0    -7.4    -1.1E-9999.9M   -3.3E   -0.9    -0.5 
 2017  4    -0.9    -0.5    -0.6    -0.3     3.1     0.8     0.2    -1.0     3.0     5.9     2.2     3.2E-9999.9M    6.2E    6.7     5.3     5.3E-9999.9M    1.7     3.6     2.9     1.7     4.7    -0.6     5.2     9.1    10.1E    9.5E-9999.9M    2.3 -9999.9M
 2017  5     3.0     8.9     3.4     5.5     4.6     8.3     4.5    -0.5     1.6     3.1     8.8    10.5E    9.8     8.0    13.1E   14.0E   18.2    19.7 -9999.9M-9999.9M-9999.9M    8.0    10.5    11.2    12.6    12.0E   13.5    15.5    11.5    13.5    13.0 
 2017  6     9.3    10.8E   11.2E   12.6E   11.1    12.3    14.9    17.6    13.2    11.5    22.0    20.9    15.5    10.2    12.2E   14.4    19.0    21.7    19.2    18.6E   17.4E-9999.9M   16.8    14.5    13.3    11.7    11.7    14.3    16.6    16.8 -9999.9M
 2017  7    18.1    17.3    16.7    15.4    14.2E   18.5    18.2    13.6    13.5    16.0E-9999.9M   12.8E   15.1    14.7    19.9    17.3    17.2    19.6    18.1    19.3    18.5    13.2    12.7    12.1    16.8    14.4E   15.9    13.3    12.9    15.9E-9999.9M
 2017  8    18.5E   19.9    18.6    20.5    16.6    10.2    11.1    13.1    12.1    13.6    18.8    18.5    16.0    16.6    16.3    12.4    14.5    16.4E-9999.9M-9999.9M-9999.9M-9999.9M-9999.9M-9999.9M-9999.9M   10.3 -9999.9M   10.5E   12.6E   12.8     8.2 
 2017  9     8.3     9.3     5.8    13.2    13.1    11.8    12.1    12.0     9.1    11.0    13.1    16.7    16.2    16.8    16.3E   17.4    19.3    17.9    19.1    15.6    15.4E   17.5    20.3    22.8    22.8    22.4    18.4     6.9     4.8     5.1 -9999.9M
 2017 10     7.3     8.7     8.5E   14.0     8.9     7.8     7.5    13.3    11.5     9.8     3.1     4.7     6.0    10.7    10.2     1.2     3.6     9.8    10.3     7.2    10.1    13.1    12.3    12.3     7.9     4.9     4.9     8.4     7.9     7.7     1.3 
 2017 11    -1.2     4.6     4.1    -0.9     4.3     4.4    -2.6    -1.0 -9999.9M  -11.2    -6.1    -5.2    -7.8    -3.8    -3.3    -4.3E   -9.0    -8.3E   -8.9E  -13.3    -5.2    -4.5    -9.3    -1.3    -0.1    -6.4   -13.4    -5.5E   -6.1    -9.2 -9999.9M
 2017 12    -1.4E-9999.9M   -1.8    -4.3     2.2    -0.8    -3.5E   -7.3   -10.2   -13.0   -19.9   -16.3   -13.1E  -16.7E  -20.6   -16.2   -20.0   -16.0    -4.9    -9.2   -20.2   -22.2   -12.5   -15.9E  -12.8   -19.1   -26.1   -25.1   -24.6   -25.5   -24.5 
 2018  1   -26.4   -26.4   -22.8E  -15.0   -18.0E  -23.6E  -21.8    -8.8   -10.8   -11.7     3.4    -2.5   -20.6   -23.8   -22.8   -15.5   -15.0    -7.7    -4.8    -4.3   -10.2    -9.8    -6.6   -13.6   -17.9   -16.7    -5.9    -7.2   -14.8   -17.3   -15.7 
 2018  2    -9.5   -22.1   -22.7    -9.7   -10.6   -15.7   -21.4   -17.0   -14.4E  -15.4   -11.1   -12.1   -17.1    -3.2    -2.5    -8.1   -14.7    -6.8    -0.3    -0.4E-9999.9M-9999.9M  -10.6    -7.5    -6.9    -1.4     0.7    -2.7 -9999.9M-9999.9M-9999.9M
 2018  3    -3.8    -4.0     0.3E   -3.4    -3.1    -5.5E   -3.4E   -3.7    -4.3    -4.8E   -3.0E   -3.6    -2.6    -2.1    -4.4    -9.9   -16.5   -17.4   -10.9E   -9.5    -6.4    -2.1    -0.5E   -6.8    -4.4     0.6E   -3.8E    2.2     2.1E   -2.7    -3.7 
 2018  4    -5.6    -7.0E   -3.5    -7.2   -13.7   -10.0    -2.8E  -10.2    -8.7    -7.0    -4.3     0.4     1.5    -7.7    -7.3    -3.4     1.0     1.8     0.3     1.7     2.5     2.4E-9999.9M-9999.9M    8.3     6.9E    5.5     2.5     2.5     5.9 -9999.9M
 2018  5     9.0    13.5     8.8     4.4     9.4     6.5     4.5     9.6    12.6     8.1     2.5     4.9     8.4    16.3     6.8     7.2     4.2     6.0     9.7    10.5    12.6    14.4    14.0E   13.9    21.8    12.6     9.8    17.8    13.6    15.5    21.1 
 2018  6    17.9    14.7E   10.5     8.1    11.2    12.2    13.2    12.9    10.3     9.3    10.8    14.4    18.6     8.7    13.7    17.6    18.2    17.3    14.7    14.3    10.7    12.7    15.0    13.6    11.0    12.6    16.7    19.9    21.7    21.9 -9999.9M
 2018  7    24.8    24.6    22.1    23.1    23.2    15.5    15.5    21.0    21.6    14.7    12.9    16.3E   16.9    20.3    19.7    20.1    17.5    13.7    14.9    19.2    19.9    16.7    22.0 -9999.9M-9999.9M   21.3    19.4    17.2    17.7    18.5    19.3 
 2018  8    19.3    20.6    21.3 -9999.9M   21.4    22.9    20.3 -9999.9M   17.6    16.6    18.4    20.1    20.3    21.5    15.7    14.8    12.0    16.6    16.0 -9999.9M-9999.9M-9999.9M   14.7    18.5    18.7    18.6    20.5    20.3    17.8    10.5    11.3 
 2018  9    17.6    20.5    18.9    16.8    21.5    11.8    10.6     6.6     6.5     7.4    13.1 -9999.9M   16.8    17.3    18.9    19.2    20.3    14.2     9.2     9.6    15.2     5.9     2.0     3.2     8.0    12.4     7.5    11.1     6.5     3.9 -9999.9M
 2018 10     3.3     5.9     8.3     9.9     0.7     4.2     4.3     2.4    14.4     8.0     7.3     4.2     2.4     4.7     5.0     1.4     0.7    -2.4     5.5     2.6    -1.1 -9999.9M   -1.9     1.4    -3.5    -4.9    -4.9    -0.8     1.1    -0.3    -0.4 
 2018 11     1.8     0.8     0.1    -0.6    -1.5     4.7     4.5     0.6    -3.2    -3.8   -10.3   -10.2    -7.3 -9999.9M  -13.8    -7.4    -8.0   -13.6    -8.1   -12.9   -15.9   -17.0   -15.5    -4.0    -0.6    -0.9    -1.7    -1.2    -2.3    -4.4 -9999.9M
 2018 12    -3.6    -2.5    -4.2   -12.8   -15.5    -6.1   -17.5   -21.9   -14.5   -16.1   -15.4 -9999.9M-9999.9M-9999.9M   -1.4    -5.3    -7.1   -11.3   -11.8    -4.1     1.2    -3.2   -13.3   -14.8   -15.9   -14.2   -17.3    -4.4   -10.4   -18.5    -6.3 
 2019  1   -14.9   -21.6   -12.5    -2.7    -0.4   -11.1   -19.3    -8.2    -5.0   -12.4   -19.0   -19.3   -17.7   -17.9   -10.3   -14.5   -24.5   -17.8   -28.6   -25.0   -22.2   -19.0 -9999.9M   -5.3   -16.9   -23.5   -17.8   -24.4   -18.3   -16.1   -22.5 
 2019  2   -18.4   -14.8   -16.4    -5.5    -6.6   -14.9    -6.3    -5.8   -13.9   -14.1   -19.3   -19.9    -7.6   -10.4    -8.3   -10.6   -15.3   -20.1   -18.3   -17.9    -6.5    -9.5    -9.4    -3.4   -10.4   -21.4   -21.5   -19.3 -9999.9M-9999.9M-9999.9M
 2019  3   -15.3   -12.6    -9.3    -9.3   -16.7   -19.0   -22.0   -13.8    -8.6    -6.5    -5.3    -8.6    -5.9     0.0 -9999.9M   -6.0 -9999.9M  -12.2   -13.5    -5.6     2.1    -1.8    -4.7    -5.2    -8.1 -9999.9M   -5.4 -9999.9M   -3.4    -5.5    -5.4 
 2019  4 -9999.9M   -1.9    -0.1    -7.3    -7.3     1.6     3.1    -3.9    -4.7    -3.1 -9999.9M    2.3     5.9     3.7     0.1     1.1     2.7     3.7     5.3     3.8     5.2     6.0     5.3     2.3     4.8     2.2     0.7     0.1     0.6     2.5 -9999.9M
 2019  5 -9999.9M    4.4     4.3     6.4     7.1     9.1     3.3     3.5     1.8     6.2     3.2     5.8 -9999.9M    4.2 -9999.9M    8.6     7.7     9.6     8.4 -9999.9M    7.5 -9999.9M    9.5    10.6    10.6    11.3     6.5     7.4     9.9    11.7     6.4 
 2019  6     9.4     9.9     6.8     8.9    11.2    11.4    11.4    11.7    18.0    18.7    10.2    12.2    12.8 -9999.9M   11.4    12.0    12.7    13.7    14.0    14.4    15.9    16.6    16.3    14.1 -9999.9M-9999.9M-9999.9M   19.5    18.1    17.9 -9999.9M
 2019  7    18.6    19.1    18.9    21.7    20.8    16.7    14.6    15.2    18.2    20.2    18.4    18.2    18.9    16.2    18.5    17.8    16.6    16.2    20.4    24.1    17.2    14.1    14.0    14.0    16.3    18.7    20.2    20.9    21.1    21.6    17.0 
 2019  8    16.8    18.0    14.5    12.8    14.3    18.9 -9999.9M   20.6    15.8    14.2    17.4    17.1    14.1    11.1    12.0    16.3    16.7    19.1    17.0    16.6    18.5    15.4    13.8    14.2    13.5    14.5    15.1    16.3    15.9    14.0    10.3 
 2019  9     9.9    13.7     8.4    13.1    10.7    13.3    10.7    10.7     8.6     7.9    12.3     8.4     7.3    13.6    10.4    11.0     9.4    10.0    12.8 -9999.9M   16.8    17.8    14.7    10.1 -9999.9M   10.8     9.9     8.8     4.3     4.3 -9999.9M
 2019 10    10.6     3.7     1.2     2.1     4.3     6.1    11.4     6.1     6.4     8.0     7.4     7.0     6.8     2.8 -9999.9M    6.7     5.8     3.3     3.0     3.6     6.1     8.6     8.6     3.4     2.3     3.8     1.1     5.2     7.4     6.3     3.4 
 2019 11 -9999.9M   -1.1     0.4    -1.1     2.9    -2.1    -6.3    -6.9    -7.0    -5.5   -12.4   -12.0   -13.2   -11.3    -8.4   -14.0   -11.7    -9.6    -5.7    -3.8    -4.7    -4.8    -7.8    -6.5    -1.9     2.1    -1.0    -5.0   -10.0   -14.8 -9999.9M
 2019 12   -16.0   -12.1    -9.7    -8.8    -5.7   -10.5   -12.1    -9.8     2.3    -5.9   -15.7   -13.5    -5.4    -1.7    -8.6 -9999.9M   -7.4   -13.6   -19.5   -16.3   -15.7    -6.8    -2.2    -9.8   -12.3   -13.0    -2.4    -1.4    -5.5    -7.7    -4.1 
 2020  1    -4.3    -2.6     0.6    -4.3   -10.9   -13.7   -11.4   -10.2   -18.1    -5.3    -5.2   -17.7   -17.2   -16.5    -6.9 -9999.9M  -22.4   -23.1   -17.1   -17.7   -17.5    -4.3    -3.4    -4.9    -3.9    -0.8    -2.6    -9.8   -14.4   -14.9   -14.6 
 2020  2    -7.7    -6.3    -5.1    -5.9   -13.8   -12.8   -14.6   -22.0   -20.5    -5.2    -4.9    -4.7   -15.0   -23.7   -18.6    -5.5   -16.7 -9999.9M  -14.2   -24.3   -15.7    -1.6     0.4     1.2 -9999.9M-9999.9M-9999.9M  -14.8   -13.9 -9999.9M-9999.9M
 2020  3   -12.5    -7.3    -0.5    -4.5    -4.2    -8.5    -9.0     0.0 -9999.9M   -1.0    -9.8    -4.7     1.3    -5.7   -12.9   -13.3    -2.8    -7.7    -1.3    -1.3   -13.1   -12.4    -9.6    -1.0    -2.4     1.5    -1.8    -1.6     1.6    -0.2     0.8 
 2020  4    -2.0     1.0 -9999.9M    2.7     2.1 -9999.9M    0.4    -0.4    -0.3     0.8    -1.4     1.9     5.6     0.0    -3.0    -5.4    -3.1    -2.2    -2.4    -5.4    -2.3    -7.5    -4.3    -1.9     1.3     2.2     4.1     3.7 -9999.9M    5.6 -9999.9M
 2020  5     6.1     7.6     9.3     2.8     2.9     3.5     3.4    -1.3    -3.1     0.2     1.7    -0.5 -9999.9M-9999.9M    6.4     9.2     7.8     7.5     8.3    11.1    15.0    16.7    13.3    14.5    15.7 -9999.9M   24.6    23.7 -9999.9M    7.9     3.5 
 2020  6     4.1     5.3    11.4    12.9    15.2    13.2    12.5    12.9    12.9    12.8 -9999.9M    9.9     8.2    10.0    12.4    15.6    17.8 -9999.9M   20.8    23.3    22.6    22.7    22.3    17.5    15.9    15.7    16.5    18.4    18.8    19.4 -9999.9M
 2020  7    21.8    20.9 -9999.9M   18.3    15.6    17.7    20.3    22.7    23.3    24.1    20.9    18.5    18.2    17.5    16.8    18.3    22.2    21.9    21.7    17.8    15.0    16.4    17.2    18.2    19.1    21.8    23.3    20.1    17.8    18.5    18.0 
 2020  8    19.6    18.0 -9999.9M   15.2    16.1    17.0    17.4    18.4    17.7    20.4    22.7    19.7    17.8    16.5    17.1 -9999.9M   17.5    14.8 -9999.9M   12.2    14.1    13.8 -9999.9M   17.2 -9999.9M    8.6     9.6    12.1    10.4    11.8    11.6 
 2020  9    13.0    15.8    14.9    13.1    10.8    10.6    11.7    11.0    10.0     8.5     8.9     9.1    13.3     5.5     3.8    13.1     4.2     3.8     3.1     4.5     6.1     8.2    13.0     7.0     6.6    14.4    19.5    17.0    14.8     9.8 -9999.9M
 2020 10     8.9     6.1     5.6     5.5     7.0     9.3     7.7     0.7 -9999.9M    9.2     1.9     3.6     4.8 -9999.9M-9999.9M-9999.9M    4.1     5.3 -9999.9M-9999.9M    4.4     6.5    11.2 -9999.9M   -1.6    -1.0    -6.6 -9999.9M-9999.9M   -6.6 -9999.9M
 2020 11     1.3    -3.2 -9999.9M   -0.5     5.5 -9999.9M    9.3    12.5    11.8    15.1    10.5    -0.4    -0.4    -3.9 -9999.9M   -0.3    -7.0    -8.5    -5.5     3.2    -3.1    -6.8    -4.7   -11.5    -9.4 -9999.9M    1.7 -9999.9M    0.7 -9999.9M-9999.9M
 2020 12     2.4    -1.8    -4.1 -9999.9M   -4.1    -6.6    -8.0    -8.4    -7.2    -2.7    -2.0    -2.9    -2.9   -11.3   -18.6   -24.6   -17.7   -16.9   -14.0    -5.0    -0.4    -6.0   -10.6     0.7     4.1    -8.8   -13.1    -5.5   -13.8    -6.8    -6.8 
 2021  1    -8.1    -6.1    -8.0    -6.0    -6.9    -6.3    -8.5   -10.6    -8.9    -6.9    -6.3    -3.4    -3.1    -1.5    -1.2    -2.7    -5.4   -12.6   -13.8   -17.8   -17.8   -11.6   -17.0   -16.0   -13.8   -10.3    -7.2   -14.2   -17.5   -17.9   -18.4 
 2021  2   -16.5    -9.7    -4.1    -4.5    -9.3    -8.8    -9.6   -16.6   -15.7   -17.0   -20.6   -18.4   -16.1   -10.8   -10.4   -14.2   -15.9   -15.9   -14.5   -11.0   -11.9   -11.2    -3.2    -3.8   -13.6   -15.0    -8.3    -0.8 -9999.9M-9999.9M-9999.9M
 2021  3    -9.7   -17.3    -9.5   -14.7   -15.7   -11.7   -11.9   -12.1    -3.6    -0.3    10.0    -2.6    -8.8   -13.0   -15.7    -9.8    -0.5    -5.9    -7.9     3.0     4.7     5.8     7.9     6.4     7.6     0.9    -1.5     1.9 -9999.9M-9999.9M    3.7 
 2021  4    -6.0    -6.3    -3.1     3.6     4.3     6.2     8.3     9.4    11.0    15.1     9.9    11.5     9.3     7.8     3.7     4.8     3.7     5.6     5.8     0.8    -4.3    -2.9     5.2    10.0     6.0     0.4     7.0     8.9    11.7     6.2 -9999.9M
 2021  5     2.6     4.5     2.8     6.8     6.2     3.4     3.8     8.5     5.6     6.3     6.6     8.1     8.5    10.8    11.8    11.6    13.4    14.0    15.6    19.1    19.4    21.6    10.0     8.5    13.2    15.3 -9999.9M    4.8     6.5     8.2    12.8 
 2021  6    12.9    15.2    13.7    18.8    20.4    23.3    25.4    24.2    14.9    11.7    14.9    13.7    15.4    17.0    12.9    11.7    15.1 -9999.9M-9999.9M   18.5    17.5     9.6    10.8    17.2    17.8    18.1    22.7    20.6    21.7    18.0 -9999.9M
 2021  7    15.0    13.5    13.6    14.5    16.8    18.4    13.1    12.3    14.4    15.9    17.7    19.0    15.6 -9999.9M   20.4    18.1    19.1    20.6 -9999.9M   15.6    16.7    16.3    17.1    16.8    18.1    17.5    14.1 -9999.9M   10.7    10.6    12.7 
 2021  8 -9999.9M   14.9    17.8    18.7    18.8    20.5    16.6    16.1    20.7 -9999.9M   23.7    24.2    22.0    16.3    14.2    15.9    18.7    21.5    20.2    24.2    23.8    22.1    20.8    22.7    21.5    21.3    13.7    12.0    17.1    19.1    17.4 
 2021  9    13.1    10.1    15.4    15.2    12.8    13.8    12.9    15.4    14.8    12.9    13.7    14.9    11.1    10.2    11.5    12.4    13.5    11.9    10.0    11.9    13.9    13.8    15.1    13.9    13.5    11.4    10.3     7.2     7.5     9.0 -9999.9M
 2021 10     9.0     7.8     9.2     8.6     9.3    10.4    11.1    12.3    12.1    11.3    14.1    16.6 -9999.9M   16.1    14.9    12.8     8.2     4.7     5.9     6.9     7.9     5.2     1.3     3.2     1.1     6.0     5.6     5.0     4.2     1.5     7.1 
 2021 11     3.5     0.7    -2.4    -2.6    -0.9     3.1     3.0     9.2     4.6     1.8    -1.2     2.3     0.2    -0.3    -0.8    -4.9    -5.9     2.1    -1.6    -4.9     0.3    -3.1 -9999.9M   -6.0    -4.4    -3.2    -7.9    -8.6    -8.3    -8.8 -9999.9M
 2021 12    -6.5    -2.8   -12.4   -17.6   -14.9    -4.1   -14.6   -18.9   -14.4   -10.1     1.0    -0.4     2.2    -8.5   -10.7     3.9    -1.4    -9.4   -17.3   -13.8    -7.6    -9.2   -19.9   -13.5   -11.4    -9.4   -16.3   -10.7   -10.8    -7.7    -3.5 
 2022  1    -6.8   -17.9   -21.5   -13.7 -9999.9M-9999.9M  -15.9   -19.9    -8.7 -9999.9M  -27.6   -15.2   -13.3   -18.7   -26.0   -21.7   -15.3   -20.3   -16.9   -22.2   -25.9   -24.4   -21.1 -9999.9M  -18.3   -26.4   -21.0   -20.9   -25.4   -17.1   -17.3 
 2022  2   -14.9    -2.5    -9.2   -18.5   -21.0   -20.6    -8.2    -7.8    -4.8    -1.4    -2.4   -13.2   -25.2   -23.9   -20.6   -12.1    -4.4   -20.0   -16.0   -14.4    -8.9    -9.7    -9.4   -18.4   -21.9   -20.7   -13.0   -18.9 -9999.9M-9999.9M-9999.9M
 2022  3   -19.3   -12.9   -19.7   -18.4   -13.7     0.4    -3.6   -13.1   -10.1    -4.2    -6.6    -7.5   -12.0    -5.0    -5.3     2.3     6.3     3.2    -0.1     1.6    -3.0    -4.0    -3.8     0.1 -9999.9M    1.6    -7.7   -14.2    -8.0    -7.1     2.0 
 2022  4    -0.5    -2.2     0.3     1.1     0.0     1.6     1.6     2.2     3.6     1.8     3.3     5.4     2.7     2.3     3.3    -0.2     0.0     2.0     1.2    -2.0    -0.5     1.1     0.3     3.4     5.8     6.0     1.3     0.3     2.5     5.0 -9999.9M
 2022  5     7.0     8.7     8.9     5.5     4.9     3.4     4.4 -9999.9M    9.1    11.7    14.0    17.1    19.7    22.4    18.2    17.1     6.2     7.8     8.6    11.5    20.1    10.7     5.9     7.6 -9999.9M   13.7    17.3    13.0    14.5    17.1 -9999.9M
 2022  6    10.3    13.8    15.4    13.7     9.6    11.7    13.9    11.9     9.9    12.5    14.1    13.3    13.8    15.4    15.9    19.3    13.8     9.1    11.7 -9999.9M   11.9    17.6    15.7    20.2    20.5    22.0    15.3    14.2 -9999.9M   12.8 -9999.9M
 2022  7    17.5 -9999.9M   14.0    14.0    15.3 -9999.9M   13.1    13.6    12.3    15.5    19.9    17.9    17.4    15.6    16.4 -9999.9M   19.4    19.9    19.5    19.4    22.4    20.7    21.8    19.9    18.2    18.4    17.9    18.3    17.2    15.9    17.6 
 2022  8    20.9 -9999.9M   13.7    20.9    16.3    18.5    20.6 -9999.9M   14.0 -9999.9M   16.3 -9999.9M   13.5    14.9    16.4    18.1    17.6    17.0    18.6    19.7    19.8    20.4    18.1    18.1    14.3    14.4    12.9    14.5    18.5    20.4    14.7 
 2022  9     8.4    12.5    17.8     9.9    10.8    12.9    14.9    17.8    16.5    17.5    16.8    18.5    17.8    11.1     9.0     7.8     7.2     9.8     8.9    10.0    11.1     7.9     5.8     8.9     8.8    10.1    11.1     7.9     6.4     7.7 -9999.9M
 2022 10     5.9     3.5     4.9     8.7 -9999.9M   13.0 -9999.9M    2.0     1.6     0.4     4.1     7.0    10.9     6.5     6.5     4.5     8.4     3.8     2.7     3.6     6.0    12.5    13.0    11.1 -9999.9M   16.6     4.7     1.1     3.8     7.1     7.9 
 2022 11     8.6     4.4     6.4    10.6    17.0    14.5     6.0    -1.9    -0.3     8.7 -9999.9M    6.2    -3.1    -3.8    -4.6    -4.2    -6.5   -10.9    -8.9    -9.4   -11.0    -7.0    -7.7    -8.1    -2.2    -0.3     2.6    -3.6    -6.2    -1.6 -9999.9M
 2022 12    -6.1 -9999.9M   -2.4    -7.2    -1.2     0.5     1.6    -5.5   -13.4   -14.7   -13.9   -11.9    -9.0    -5.8    -1.9    -2.3    -2.4    -3.1    -5.6    -6.3   -11.2   -13.6    -5.8   -11.3   -13.0   -12.6   -12.5    -7.3    -0.5     5.6     4.5 
