7115800, PARC NATIONAL DES PI, QUE , station not joined, Homogenized daily mean temperature           , Deg Celcius,          Updated to 2022
7115800, PARC NATIONAL DES PI, QUE , station non jointe, Temperature quotidienne moyenne homogeneisee , Deg Celcius, Mise a jour jusqu a 2022
 Year Mo  Day 01  Day 02  Day 03  Day 04  Day 05  Day 06  Day 07  Day 08  Day 09  Day 10  Day 11  Day 12  Day 13  Day 14  Day 15  Day 16  Day 17  Day 18  Day 19  Day 20  Day 21  Day 22  Day 23  Day 24  Day 25  Day 26  Day 27  Day 28  Day 29  Day 30  Day 31
Annee Mo Jour 01 Jour 02 Jour 03 Jour 04 Jour 05 Jour 06 Jour 07 Jour 08 Jour 09 Jour 10 Jour 11 Jour 12 Jour 13 Jour 14 Jour 15 Jour 16 Jour 17 Jour 18 Jour 19 Jour 20 Jour 21 Jour 22 Jour 23 Jour 24 Jour 25 Jour 26 Jour 27 Jour 28 Jour 29 Jour 30 Jour 31
 2009 10 -9999.9M-9999.9M-9999.9M-9999.9M-9999.9M   -3.4    -1.2    -1.8    -2.1    -2.4    -1.7    -2.8E   -5.9    -6.8    -4.8    -5.9    -4.9    -4.5   -12.2   -12.5   -11.4   -13.4   -14.1   -10.6E  -14.7   -14.2   -12.3    -8.5E  -10.3E  -10.2    -8.4 
 2009 11   -10.8   -10.2   -13.4   -14.5   -16.2   -17.2   -11.7   -11.2   -12.5   -14.9   -16.8    -8.6 -9999.9M-9999.9M-9999.9M-9999.9M-9999.9M-9999.9M  -13.8   -12.3   -13.4   -12.5E-9999.9M-9999.9M-9999.9M-9999.9M-9999.9M-9999.9M-9999.9M   -9.5 -9999.9M
 2009 12    -7.8    -8.5 -9999.9M-9999.9M-9999.9M-9999.9M-9999.9M-9999.9M-9999.9M-9999.9M-9999.9M-9999.9M-9999.9M-9999.9M-9999.9M-9999.9M-9999.9M   -6.9    -5.2    -2.6 -9999.9M-9999.9M-9999.9M-9999.9M-9999.9M-9999.9M-9999.9M-9999.9M-9999.9M-9999.9M-9999.9M
 2010  1 -9999.9M-9999.9M-9999.9M-9999.9M-9999.9M-9999.9M-9999.9M-9999.9M-9999.9M-9999.9M-9999.9M-9999.9M-9999.9M-9999.9M-9999.9M-9999.9M-9999.9M-9999.9M  -17.8   -22.4   -26.2   -22.0   -24.0   -22.1   -19.1   -22.1E  -31.2   -23.9   -29.1E  -26.5E  -28.5 
 2010  2   -34.0   -33.3   -25.2   -16.5   -14.7   -16.0   -17.5   -18.1   -16.0   -16.2   -16.9   -18.4   -16.6   -15.0   -11.9   -11.7   -12.6    -9.8   -16.6   -21.5   -21.7   -12.0   -11.3   -14.9   -26.7   -23.1   -18.8   -28.8 -9999.9M-9999.9M-9999.9M
 2010  3   -27.4   -26.8   -30.1   -24.9 -9999.9M-9999.9M-9999.9M-9999.9M-9999.9M-9999.9M-9999.9M-9999.9M-9999.9M-9999.9M-9999.9M  -17.4   -19.7   -21.6   -28.1   -29.0   -22.7   -29.0   -30.9   -26.9   -21.1   -24.1   -24.4   -25.7   -26.3   -22.8   -11.8 
 2010  4    -8.1    -8.2    -9.8    -6.9    -8.2    -9.8   -14.6   -13.7   -14.6    -9.4   -13.0E  -17.4   -17.3   -18.1   -18.9    -9.0    -8.1 -9999.9M   -6.1    -7.6    -8.0    -5.8    -7.0    -8.2E  -10.8   -12.9    -8.6   -11.2   -11.8    -8.1 -9999.9M
 2010  5    -9.8   -12.4   -14.1   -14.8   -14.4    -9.8E   -5.5    -3.6    -4.0    -6.1    -7.2    -3.9    -3.5    -0.8     0.9     1.0    -2.5    -8.4    -5.8    -6.5    -6.2    -6.0    -2.5    -4.4    -0.4E   -0.2     0.8     0.3    -2.2    -0.8    -1.2 
 2010  6    -0.6    -0.5    -0.8     0.5     0.7     1.4     3.2     2.2     1.6    -1.3E   -1.6    -2.3    -2.2    -0.1     0.8     1.2     3.3     3.4     2.1     1.4E    1.8     2.9     4.1     3.5     4.5     2.4     4.6     7.6     9.0     9.9 -9999.9M
 2010  7     7.5     6.1E    5.3     8.5    11.5    12.1    12.2E    8.8E    9.4    12.9    12.9    11.7    10.0    11.8E   11.6    10.7     9.5E    8.6     5.0     5.5     8.1    12.4    12.1    11.7     9.8    10.3     7.3     5.8     7.8     8.6     8.1 
 2010  8     8.6     9.9E   11.2    11.5     9.8    11.4     7.8     7.3     9.3E   11.7    13.2    13.6E   14.3    17.5    17.3    18.5    14.0     9.7     8.4     9.0    12.2E   14.2     9.5     9.5    13.2     7.8     7.0     7.9     7.6     6.7     5.1 
 2010  9     4.8     3.9     7.3     5.8     2.9     5.5E    8.5     9.0     2.9     3.9     6.0E    7.7    10.0     9.4     9.6     8.7     7.6     4.7     3.6     3.6     2.6     1.8     2.1     1.8     0.6     2.9     1.2    -3.3    -3.1    -1.8 -9999.9M
 2010 10    -1.3E   -2.0     1.3     0.0    -4.3    -1.7     0.2    -0.3    -0.5     0.8    -1.2    -0.5    -0.3    -0.7    -2.5    -3.5E-9999.9M   -1.4     0.3    -0.9    -1.7    -3.9    -4.1    -6.4    -8.7    -8.1    -8.2    -2.4    -1.7    -3.6    -5.1 
 2010 11    -4.1    -2.1    -1.4    -5.0    -9.4 -9999.9M   -4.7E   -4.4    -6.6    -7.4    -7.0E-9999.9M-9999.9M   -8.1E-9999.9M-9999.9M-9999.9M-9999.9M-9999.9M-9999.9M-9999.9M-9999.9M-9999.9M   -1.9    -4.4    -3.5    -3.7    -5.3E   -6.5    -8.2 -9999.9M
 2010 12    -5.6E-9999.9M   -4.5 -9999.9M-9999.9M-9999.9M-9999.9M-9999.9M-9999.9M-9999.9M-9999.9M-9999.9M-9999.9M-9999.9M-9999.9M   -3.4 -9999.9M   -1.8    -3.7 -9999.9M-9999.9M-9999.9M-9999.9M-9999.9M  -10.9   -11.8 -9999.9M-9999.9M-9999.9M-9999.9M  -15.5 
 2011  1   -16.1    -8.6   -12.8   -13.4    -4.5    -3.9    -6.7    -7.6    -9.4   -13.8 -9999.9M-9999.9M-9999.9M-9999.9M  -20.7   -21.6E  -24.1   -29.1   -31.0E-9999.9M-9999.9M-9999.9M  -23.1   -30.5E  -34.3   -33.5   -35.0E-9999.9M-9999.9M  -38.0   -35.3 
 2011  2   -32.3   -34.5   -31.8   -25.1 -9999.9M-9999.9M-9999.9M-9999.9M-9999.9M-9999.9M-9999.9M-9999.9M-9999.9M-9999.9M-9999.9M  -23.8   -28.3   -27.3   -21.4   -17.7   -24.2   -27.8   -24.2   -22.1   -31.1   -29.6E  -30.6   -24.2 -9999.9M-9999.9M-9999.9M
 2011  3   -30.8   -33.3   -34.8   -35.3   -37.9   -35.2   -34.7   -29.1   -23.4   -19.8   -22.5   -33.0   -32.9   -31.0   -27.5   -30.7   -26.9   -26.5   -24.4   -22.9   -27.0   -27.4   -26.2E  -24.6   -22.2   -17.3   -12.2   -13.8   -15.1   -19.3   -15.2 
 2011  4   -16.9   -16.2   -19.6   -13.7 -9999.9M  -18.5   -21.1   -17.0   -11.3   -11.4   -15.4   -22.7   -24.2E  -25.3E  -23.2   -25.1   -22.7   -20.0   -18.4   -20.1   -17.2   -17.7   -22.3   -22.3   -15.8   -21.4   -20.2   -12.8   -12.4   -13.3 -9999.9M
 2011  5   -14.4    -7.6   -16.2   -15.3   -10.3    -5.5    -8.1   -10.4   -11.5   -11.4   -11.5   -11.5    -8.6    -8.3    -9.1    -9.9   -12.1   -12.0   -10.0    -8.6    -8.3    -8.0E   -8.6    -8.4    -6.7    -5.7    -5.5    -8.3    -8.4    -7.3    -5.3 
 2011  6    -4.6    -2.9    -0.9     1.6     0.3E   -2.7    -1.0    -1.5    -2.3    -1.7    -2.1    -1.6     0.1    -0.5E   -1.4     0.6     0.3     1.3     2.0     3.2     3.3     2.6     4.5     4.1     2.4     5.6     7.4     4.5     4.2     6.0 -9999.9M
 2011  7     8.6     7.9     2.7     2.4     4.5     7.2     7.6     8.6     9.7    10.9    10.2    11.3    12.6     8.0     8.8    11.2     8.6     6.3     5.5     6.1     7.8     9.7    10.5    13.2     7.9    10.2    12.2    14.5     9.9     8.4    11.1 
 2011  8    12.2    14.6    10.8    11.8    13.9    10.8    10.1     9.0    11.0    10.5    12.7    10.2     8.8     7.0     6.0     8.0     7.7     5.9     4.8     4.7     8.6     8.7     5.1     7.4     6.2     6.8     5.6     6.7     6.3     6.6     5.2 
 2011  9     6.0     2.4     1.3     2.2     1.9     2.9E    3.3     1.4     0.5    -1.8    -0.1    -0.8     0.1     0.3     1.3     2.9     0.5     5.3     2.8     1.7E   -0.9    -0.7     1.9     3.8     1.4    -0.3     0.7     1.3    -2.1    -3.7 -9999.9M
 2011 10    -3.7     0.0    -3.1    -2.6    -3.9E   -4.4    -0.7    -2.0    -0.2    -1.7    -4.6    -6.0    -9.3    -6.8    -1.5    -0.3    -2.0    -3.6    -7.0    -6.5    -4.1    -2.0    -5.5   -11.8   -11.9    -7.7    -6.9    -9.8   -12.2   -10.5    -8.9 
 2011 11   -11.3   -12.4   -11.4    -9.5    -4.0    -4.3    -4.7    -6.5    -9.6   -12.0    -5.8    -8.5    -9.3    -3.7    -3.6    -7.8   -10.0   -11.8   -13.5   -12.2   -15.7   -20.6   -24.8   -28.9   -25.4   -19.8   -12.3   -12.4    -9.8    -9.6 -9999.9M
 2011 12   -12.1   -12.8   -14.6   -14.7   -18.2   -17.7   -14.6   -15.8   -21.5   -23.0   -23.7   -20.9   -14.5   -17.5   -22.6   -23.6   -24.8   -23.2   -21.9   -21.8   -21.5   -25.1   -27.0   -23.5   -20.6   -24.9E  -31.6   -32.5   -24.0   -25.1   -23.5 
 2012  1   -19.1   -21.8   -28.6   -26.9   -27.4   -31.5   -33.7   -29.2   -23.9   -27.4   -31.5   -30.0   -27.5   -26.5   -27.1   -32.2   -35.5   -35.3   -36.6   -34.5E  -33.9   -37.5   -35.1   -28.4   -27.0   -28.1   -31.0   -22.6   -14.3   -17.9   -25.7 
 2012  2   -22.7   -20.9   -21.5   -23.9   -21.9   -25.3   -27.1   -29.5   -34.7   -38.7   -35.3   -34.0   -28.9   -21.6   -19.9   -16.6   -20.3   -20.1   -19.9   -23.6   -25.3   -26.2   -26.4   -27.5   -27.7   -24.7   -31.1   -33.7   -33.2 -9999.9M-9999.9M
 2012  3   -28.3   -32.9   -37.4   -35.2   -35.5   -34.9   -32.7   -29.9   -31.9   -29.0   -22.2   -22.5   -24.2   -15.8    -9.4   -18.5   -19.7   -16.7E  -21.6   -21.4   -12.6   -18.8   -27.2   -28.0   -27.4   -23.2   -21.5   -17.6   -16.3   -17.5E  -16.8 
 2012  4   -16.5   -17.1   -15.3   -12.8   -13.2    -9.9   -10.6    -8.1   -12.5   -16.8   -18.1   -12.8   -18.5   -24.1   -23.8   -23.2   -22.0   -22.4   -20.3   -18.6   -22.1   -19.5E  -17.9   -14.9    -7.3    -8.7   -13.0   -13.7   -11.2    -9.8 -9999.9M
 2012  5    -3.3    -3.0E   -0.9    -3.8    -7.2   -10.7   -10.4   -10.5    -5.4    -3.6    -1.4    -1.8    -1.1    -2.6    -2.8E   -3.2    -3.4    -5.9    -7.3    -8.5    -3.4    -6.9    -8.4    -7.0    -5.9    -6.4    -6.9    -6.4    -6.0    -4.4    -1.7 
 2012  6    -0.8     2.6     7.3     4.8     4.4E    4.5E    5.0     3.4    -0.2    -0.6     0.3     3.1     0.6     2.6     6.0E   11.0     6.7     6.2     3.2     5.5    11.1     5.5     5.7    13.7     9.3     5.2    11.7    14.9     8.0     7.1 -9999.9M
 2012  7     7.5E    9.3     5.7     6.7     9.8     7.2     7.7     7.5     6.4     6.9     7.1     8.7    12.5    13.8     8.7    10.1E    5.0     8.7    13.1    15.4    17.3    15.3    12.8     7.9     6.4     7.5     8.7     8.6     8.3     7.1     7.2 
 2012  8     7.6E    7.1     7.7     7.1     9.5    10.4     9.1     7.1    10.2    10.6    14.0    14.0    16.7    15.7    12.8    10.9    13.8    14.8    13.0    11.7    12.8    10.7     9.7     9.5    10.2    11.9     5.7     5.1     5.8     6.0     6.0 
 2012  9     5.8     3.7     2.5     4.8     5.5 -9999.9M    2.0     4.5     6.1     1.6     3.0     3.9     1.6     1.1     3.9     5.6     1.8     1.0     0.4     0.1     3.5     3.7     1.5     1.6     3.7     2.9     3.5     2.0     3.2     4.8 -9999.9M
 2012 10     6.8     1.7    -3.4    -4.4    -5.2    -4.8    -4.0    -5.4    -4.2    -3.9    -0.8    -3.8E   -8.2    -9.2    -8.6    -7.6    -7.5    -5.3    -7.8    -6.6    -7.7    -8.5    -8.6    -7.5E   -8.7    -4.5    -3.3    -5.7    -6.8    -9.7    -8.6 
 2012 11    -3.7    -5.0    -9.4   -10.4   -11.0    -8.9E   -7.4    -9.5    -8.6    -8.8   -11.6    -8.9   -12.5   -16.6    -8.7   -10.4   -13.9   -11.1E  -15.4   -17.6    -7.6    -7.1   -12.7   -16.7   -16.7   -20.1   -19.6   -19.4   -18.7   -20.8 -9999.9M
 2012 12   -19.2   -22.4   -26.8   -23.2   -22.3   -21.5   -14.0   -15.5   -20.6   -21.7   -22.6   -19.3   -18.6   -21.7   -24.7   -19.8   -13.3   -12.4   -10.7    -8.5   -16.7   -16.5    -8.6    -7.7   -14.5   -18.1   -14.2   -18.4   -22.5   -19.8   -19.7 
 2013  1   -23.5   -22.5   -25.6   -34.1   -33.5   -30.8   -35.1   -31.7   -23.4   -31.4   -29.7   -20.8   -20.9   -17.9   -28.2   -33.4   -30.9   -37.7   -29.5   -35.3   -35.1   -29.4   -22.4   -17.4   -20.5   -25.0   -26.9   -26.9   -22.6   -20.8   -20.5 
 2013  2   -25.1   -34.4   -37.6   -34.5   -26.8   -26.5   -28.8E  -27.5   -25.6   -30.6   -32.6   -32.7   -26.3   -18.8   -22.2   -23.5   -25.1   -27.3   -32.9   -30.9E  -30.7   -26.8   -24.6   -23.6   -21.1   -14.7   -22.1   -31.2 -9999.9M-9999.9M-9999.9M
 2013  3   -32.7   -24.0   -17.1   -10.1   -13.2   -16.7   -14.5   -21.8   -21.2   -12.0   -21.6   -24.5   -24.9   -20.8   -17.6   -25.0   -30.7   -28.4   -19.5   -16.6    -7.2    -8.1    -9.9    -8.8E  -12.3   -10.0   -14.4   -16.9   -20.1   -19.4   -18.4 
 2013  4   -12.1   -10.9    -6.8    -9.2   -11.1   -17.6   -21.1   -19.9   -17.3   -13.2   -11.8   -13.5   -12.6   -13.4   -14.7   -16.5E  -19.3   -23.2   -23.9   -24.1   -20.6   -14.2   -11.7   -14.0   -17.7   -15.5    -5.1    -6.6E   -5.6    -2.3 -9999.9M
 2013  5    -2.6   -11.8   -15.2   -10.4    -8.6    -9.7   -14.2    -9.3   -18.8   -18.6   -16.6E  -15.1   -12.4    -8.6   -10.1    -9.9   -10.8    -3.8    -0.3    -2.6    -3.1 -9999.9M   -5.7E   -7.3    -7.0    -4.9    -3.7    -0.4    -2.9    -4.1    -4.5 
 2013  6    -4.2    -4.6    -3.6    -5.6    -4.7    -3.4E   -0.5     2.2     2.6     2.6     0.7    -2.6    -3.2    -3.1    -0.6     0.6     1.0E-9999.9M    4.4     1.7    -0.4    -0.8    -0.9     0.8     2.4     5.1     2.6     3.4     1.5     2.0 -9999.9M
 2013  7     4.3     3.1     2.9E    3.7     3.9     2.0     0.4     5.5    10.3     9.2     4.1     3.2     6.8     6.8     7.6    10.9     7.1     4.9     3.4     2.4     3.6     4.3E    3.3     5.7     6.5    10.2    14.2    15.8    13.7     8.9    11.3 
 2013  8    14.0    11.1    10.2     8.0     6.4     8.2    10.3E   14.3    13.6    12.1     9.5     9.0     9.8    10.1    10.6     9.8     8.0     5.9     7.0     9.1     9.5     7.5E    7.7E    7.5E    6.0     0.7     0.8     1.8     2.2    -0.9    -0.9 
 2013  9     1.7     6.4    10.1     6.1     0.0    -0.3    -1.1    -3.0    -3.8    -2.8    -2.0    -2.7    -3.5     0.0     0.3    -2.5    -2.8    -3.8    -2.8    -4.5    -4.1    -4.1    -2.9     1.5     5.4     6.4     4.0     6.2     5.4     0.7 -9999.9M
 2013 10     1.1 -9999.9M-9999.9M    0.8    -3.5    -4.3    -1.9    -3.1    -4.8    -5.5    -6.2    -1.6     3.1    -0.3    -1.6    -1.9    -0.9    -3.0    -1.0    -0.3    -2.0    -3.5    -4.4    -6.2    -6.2    -8.7    -9.8   -13.5   -19.7   -19.7   -20.4 
 2013 11   -13.4    -9.7   -12.4   -11.1   -17.2   -14.8E  -13.8   -15.1   -16.0   -18.3   -15.8   -16.0   -13.0E-9999.9M  -11.1    -6.2   -10.7   -11.7E  -10.6E  -12.9   -10.4   -19.1   -20.6   -17.7   -20.0   -23.5   -21.4   -21.7   -24.8E  -28.4 -9999.9M
 2013 12   -27.3   -28.5   -24.2   -22.9   -20.3   -17.0   -19.1   -20.6   -18.7   -19.8   -21.5   -24.3   -21.3   -25.4   -24.5   -25.7   -22.3   -23.4   -24.6   -31.0   -35.8   -35.9   -33.2   -27.8   -25.3   -30.8   -31.1E  -33.7   -36.4   -38.3   -33.6 
 2014  1   -31.6   -32.4   -24.4   -22.0   -22.7   -22.1   -14.2   -19.8   -23.4   -24.8   -28.3   -22.1   -16.0   -12.7   -17.8   -25.3   -27.6   -28.3   -30.4   -26.1   -22.6   -27.4   -31.4   -28.5   -27.9   -22.0   -16.0   -26.3   -22.4   -21.0   -23.9 
 2014  2   -25.5   -26.0   -29.3   -33.7   -29.9   -27.1   -28.5   -27.3   -21.8   -26.5   -29.1   -27.9   -28.0   -32.6   -32.7   -35.8   -33.8E  -29.7   -28.8   -27.4   -28.1   -22.7   -21.3   -22.7   -31.2   -37.6   -35.2   -31.5 -9999.9M-9999.9M-9999.9M
 2014  3   -36.4   -40.0   -37.9   -29.9   -24.0   -21.3   -24.4   -28.5   -33.3   -32.9   -33.4   -32.3   -30.8   -28.9   -32.1   -29.9   -25.7   -23.2   -23.3   -26.5   -23.2   -23.7   -27.1   -27.5   -28.0   -27.3   -25.8   -27.4   -23.4   -19.7   -18.6 
 2014  4   -22.6   -20.0   -22.4   -25.8   -24.1   -18.8   -19.1   -22.8   -21.7   -22.0   -22.8   -23.3   -22.5   -22.7   -20.5   -21.6   -18.8   -21.1   -16.3   -14.9   -15.0   -17.5   -18.0   -16.5   -14.9   -13.1   -17.6   -16.8   -12.0    -9.5 -9999.9M
 2014  5    -7.2    -8.5    -6.4    -8.3    -6.6    -5.8    -9.7    -8.8    -8.7    -9.4    -8.4    -6.1    -5.1    -1.9    -6.3    -7.7    -5.1    -2.0    -2.4    -4.8    -3.8    -1.6     0.0     1.5     0.2     1.1     3.4    -0.9    -2.6     1.4     5.3 
 2014  6     0.2    -2.9     4.0     2.2    -0.8     3.1     7.4     4.0     1.4     1.3     3.9E-9999.9M   12.4     5.6     1.9     4.2     0.5     1.9     6.1    11.7    12.8     4.5     1.5     2.9     5.4     6.5     7.9     5.6     8.5     7.4 -9999.9M
 2014  7     2.9     0.2     1.8     2.2     6.0     5.2     4.1     6.2     8.0     4.1     7.2    11.1    10.4     9.8    11.1    12.1    12.3    13.7    16.9    12.4    13.7     8.6     5.6     6.8     9.1     6.1    10.7    12.0     9.3    10.2     6.9 
 2014  8    12.4    15.6    15.7    12.0    12.7    13.4    10.8    16.1     8.1     9.4     9.6     7.2    10.4     9.4    13.3     6.2     5.5     9.7    10.5    11.9    16.9    18.7     8.0     2.1     7.1     7.7     8.5     8.5     8.3     5.8     4.7 
 2014  9     4.5     3.2     4.4     4.0     3.3     3.3     3.8     3.4     2.4     0.8    -0.3    -2.6    -0.4     0.3     0.0    -2.3    -2.9    -1.6    -4.2    -1.4    -2.1    -3.0    -4.0    -1.3    -1.7    -3.0    -4.6    -5.5    -4.5    -7.8 -9999.9M
 2014 10    -7.1    -2.1     1.1     0.1     1.2     1.8    -0.7    -1.6    -3.6    -6.3    -5.0    -2.8    -1.7    -2.5    -4.6    -3.7    -8.9   -10.1   -11.6   -12.7E   -4.8    -1.4    -7.1   -11.1    -7.0    -4.0    -2.4    -2.4    -5.5    -5.1E   -5.4 
 2014 11    -8.3   -11.4   -10.4   -10.5E   -9.1    -6.4E  -12.9    -9.8    -7.0    -6.4    -8.5   -11.0   -17.1   -17.0   -16.7   -20.0   -21.5   -16.9   -13.6   -14.7E  -16.5   -19.6   -22.8   -24.9   -28.2   -24.8   -18.1   -16.5   -26.1   -25.8 -9999.9M
 2014 12   -23.8   -22.2E  -21.9   -22.3   -26.3   -26.5   -29.8   -31.3   -31.1   -22.0   -12.2   -14.2   -10.0   -13.8   -24.1   -26.9   -19.5   -19.6   -24.1   -18.0   -16.3   -12.6   -13.9   -18.7   -11.7   -10.6   -16.1   -20.5   -24.0   -30.5   -33.1 
 2015  1   -33.7   -33.9   -32.3   -35.9   -35.2   -34.1   -32.3   -30.6   -33.8   -35.0   -38.8   -34.3   -31.7   -34.1   -39.1   -42.1   -41.2   -38.1   -34.4   -33.6   -31.3   -29.0   -28.5   -30.3   -33.7   -35.5   -27.4   -22.5   -29.7   -33.7   -35.7 
 2015  2   -37.6   -40.8   -38.6   -37.4   -38.6   -39.0   -37.2   -37.6   -35.4   -36.2   -39.0   -40.7   -39.7   -37.0   -36.1   -31.6   -30.8   -33.7   -34.9   -32.5   -30.2   -32.3   -34.7   -34.5   -35.2   -37.0   -36.5   -35.6 -9999.9M-9999.9M-9999.9M
 2015  3   -28.0   -31.9   -32.2   -29.9E-9999.9M  -35.4   -34.7   -35.0   -34.9   -34.1   -33.2E  -32.6   -31.7   -27.6   -18.4   -18.3   -25.0E  -26.1   -25.4   -23.7   -21.5   -27.1   -25.9   -30.5   -28.9   -28.3   -26.8   -22.7   -24.0   -26.0   -26.1 
 2015  4   -25.5   -22.1   -18.6   -19.6   -26.3   -26.3   -22.9   -24.5   -19.5   -19.1   -20.3   -15.2    -8.5   -21.6   -22.4   -17.7   -15.6   -13.2   -14.0   -16.7   -16.7    -8.1    -4.9    -8.0    -6.8    -4.3    -1.6    -2.0    -5.0    -6.5 -9999.9M
 2015  5    -5.5    -2.3     0.2    -4.7    -9.2    -7.3    -7.4    -8.1    -6.0   -11.2   -12.8   -12.1    -8.5   -10.0   -11.4    -2.7    -6.0   -10.4    -7.5    -4.5    -8.1    -7.8    -4.2    -9.0    -8.6   -10.2    -6.8    -7.5    -5.2    -6.8    -4.6 
 2015  6    -1.0     1.9     0.4    -1.3    -2.5    -2.8    -3.4    -2.7E-9999.9M-9999.9M-9999.9M-9999.9M-9999.9M-9999.9M-9999.9M-9999.9M-9999.9M-9999.9M-9999.9M-9999.9M-9999.9M-9999.9M-9999.9M-9999.9M-9999.9M-9999.9M-9999.9M-9999.9M-9999.9M-9999.9M-9999.9M
 2015  7 -9999.9M-9999.9M-9999.9M-9999.9M-9999.9M-9999.9M-9999.9M-9999.9M-9999.9M-9999.9M-9999.9M-9999.9M-9999.9M-9999.9M-9999.9M-9999.9M-9999.9M-9999.9M-9999.9M-9999.9M-9999.9M-9999.9M-9999.9M-9999.9M-9999.9M-9999.9M-9999.9M-9999.9M-9999.9M-9999.9M-9999.9M
 2015  8 -9999.9M-9999.9M-9999.9M-9999.9M-9999.9M-9999.9M-9999.9M-9999.9M-9999.9M-9999.9M-9999.9M-9999.9M-9999.9M-9999.9M-9999.9M-9999.9M-9999.9M-9999.9M-9999.9M-9999.9M-9999.9M-9999.9M-9999.9M-9999.9M-9999.9M-9999.9M-9999.9M-9999.9M-9999.9M-9999.9M-9999.9M
 2015  9 -9999.9M-9999.9M-9999.9M-9999.9M-9999.9M-9999.9M-9999.9M-9999.9M-9999.9M-9999.9M-9999.9M-9999.9M-9999.9M-9999.9M-9999.9M-9999.9M-9999.9M-9999.9M-9999.9M-9999.9M-9999.9M-9999.9M-9999.9M-9999.9M-9999.9M-9999.9M-9999.9M-9999.9M-9999.9M   -0.6E-9999.9M
 2015 10 -9999.9M    0.2E    5.1    -1.2    -4.1    -3.5    -2.1    -5.2    -7.5    -6.3    -6.2    -6.9    -8.9E   -9.0E   -8.4    -9.2    -9.6    -8.8    -7.6    -5.8    -8.1    -8.3    -8.7    -4.4    -9.6E  -12.2E  -15.2   -10.9    -8.8    -9.0   -11.8 
 2015 11   -15.7   -17.5   -11.2   -12.6   -10.9   -11.3E   -9.6   -13.1   -16.0   -17.9   -15.5   -14.9   -19.4   -12.3    -6.7   -10.2   -10.6E-9999.9M   -0.9    -1.4    -6.4   -14.0   -14.6   -15.8   -16.4   -19.4   -26.8   -27.4   -25.3E  -22.3E-9999.9M
 2015 12   -26.1   -30.2   -29.4   -22.9   -26.4   -24.4   -25.6   -23.9E  -20.4E  -11.7E-9999.9M  -18.1E  -21.6   -23.8   -21.0   -27.0   -25.0   -20.1   -22.0   -28.6   -29.6   -26.0E  -18.6   -13.5   -16.5   -24.4   -25.3   -28.6   -25.9   -20.6   -22.6 
 2016  1   -23.8   -24.7E  -26.2E  -29.4   -26.0   -25.5   -30.0   -31.9   -25.9   -14.1    -8.7   -12.6   -27.2   -23.0E  -20.6E  -13.7   -14.1   -15.2   -17.5   -23.4   -24.9   -28.3   -28.0   -34.6E-9999.9M  -33.9E  -35.8   -34.6   -32.9   -27.9   -25.2 
 2016  2   -24.9   -29.0   -32.0   -32.1   -32.0   -30.7   -28.7E  -30.3   -26.6E  -21.7   -22.4   -22.1   -23.5   -23.0   -23.1E  -19.8   -28.9   -26.9E-9999.9M  -18.7   -30.9   -36.3   -34.7E  -33.3   -34.9   -36.8 -9999.9M  -31.5   -33.6 -9999.9M-9999.9M
 2016  3   -29.3E-9999.9M  -25.8   -22.0   -27.7   -25.1   -27.3   -30.5   -27.1   -28.7   -26.7   -25.5   -24.7E  -18.9E  -18.8   -25.7   -22.3   -21.9   -22.9   -23.1   -25.0   -32.3   -26.7   -24.8E-9999.9M  -26.4E  -26.1E  -25.3   -23.9   -25.5   -28.2 
 2016  4   -20.4   -24.6   -25.7   -26.3   -28.0E  -28.6   -26.2   -25.2   -17.4   -19.2   -19.2   -17.6   -16.9   -19.1   -15.2   -14.1E  -16.2E  -19.6   -20.6    -9.9   -18.9   -21.6   -23.7   -22.9   -18.8    -7.3E   -1.4    -4.0E   -3.5    -8.4 -9999.9M
 2016  5    -7.7    -7.5    -3.1    -9.6   -10.5    -8.9   -10.9   -10.4    -9.0    -7.5E   -3.7E   -3.1    -3.8    -1.7     1.1     2.4    -0.9    -4.7    -6.3    -6.0    -5.4    -5.4    -4.2E-9999.9M   -5.0    -4.3 -9999.9M   -4.2    -7.1    -8.7    -6.3 
 2016  6    -4.5E   -6.2    -5.5    -2.2    -3.2E   -5.4E   -3.4    -1.8     0.8     1.2     0.9     1.6     1.9     2.8     3.6     4.6     4.9     4.0     3.2E-9999.9M    1.3E    1.3     0.7     1.5     3.1     3.9     1.9     4.0     7.7     8.3 -9999.9M
 2016  7     6.3E    5.5     1.8     5.4E    7.4E    9.8     9.7    11.3    11.5    14.3    12.8    14.6    12.5E    7.7E    4.6     6.9     7.1     6.7     8.7E-9999.9M    9.9     8.8     9.2    12.3    12.7    12.8    11.9    12.0E   10.8E   11.9    14.4 
 2016  8    15.0    16.6    18.8    14.5    12.2E    7.6     9.3E    6.5     8.6     7.8     8.0     8.4    10.4    10.3E-9999.9M   13.4E   12.8    13.9    14.9     9.6    10.1     7.2     5.9     5.9     5.6     4.9     6.1     6.4     4.6E    4.6E    4.6E
 2016  9     2.3     1.6     3.1     7.5     2.9     4.4E    4.3     5.5     6.3     5.1     5.3     4.0E    3.1E    1.4E    0.0    -3.0    -1.7    -0.6     3.3     4.3     5.6     5.3     2.3     2.2     1.9     4.2E-9999.9M    3.5E    3.3E    0.3 -9999.9M
 2016 10    -1.3    -2.1    -2.8    -0.6    -2.8E   -4.2    -3.9    -5.1    -4.4E   -4.2E-9999.9M   -5.2    -7.3E   -8.1E   -7.8E  -11.1   -10.0    -8.3   -10.0   -10.6    -9.3E-9999.9M  -11.3   -11.7    -9.6    -7.5    -4.9    -6.4   -10.9   -10.5   -10.4 
 2016 11    -6.4    -6.3E   -6.7E   -7.6   -12.1    -4.7    -7.9   -13.6   -12.7   -12.8   -13.3   -17.3   -13.5   -10.9E   -9.9    -7.1    -2.8    -8.2   -11.6   -14.6   -12.8   -13.8   -14.4   -12.1    -9.3   -11.9   -12.1   -20.5   -25.1   -18.3 -9999.9M
 2016 12   -15.0E  -12.7   -13.4   -12.5   -17.2   -16.5E-9999.9M-9999.9M  -19.5   -20.6   -21.0   -16.8   -21.7   -22.4   -21.7E  -18.8   -20.9   -25.1   -26.3E  -30.1   -28.1   -29.6   -30.5   -30.9   -26.5   -24.3   -25.0E  -22.8   -20.5   -19.4   -20.3 
 2017  1   -24.4E  -27.3   -30.6   -25.7   -17.4   -16.7   -23.0   -30.9   -34.8   -37.0   -31.3E-9999.9M  -28.8E  -26.8   -29.6   -33.1   -24.8   -15.7   -13.1   -20.1   -24.6   -25.7   -22.5E-9999.9M  -14.8   -12.1    -9.8   -14.3   -18.4   -24.7   -29.9 
 2017  2   -30.3   -32.4   -37.7   -38.6E  -31.2   -28.1   -29.7   -30.0   -31.7   -36.1   -36.6   -36.1   -29.3   -25.0   -21.5   -21.6E  -23.3   -24.0   -22.3   -23.2   -25.9   -27.0   -27.0   -29.5   -24.3   -18.5   -18.2   -25.4E-9999.9M-9999.9M-9999.9M
 2017  3   -32.9   -30.2E  -32.7   -32.7   -25.1   -20.2   -20.9   -13.5   -12.5   -20.8   -20.1E  -22.6E  -22.9E  -18.7   -21.1   -21.5   -22.3   -22.4   -20.6   -10.3   -20.2E  -19.9E-9999.9M  -20.5   -25.7   -25.4   -24.0   -22.8   -21.8   -18.1   -22.4 
 2017  4   -23.1   -20.4   -20.1E  -16.3E  -11.6    -6.3    -5.9    -7.3    -6.9   -11.7E  -16.6   -19.8   -19.9E  -24.0   -24.2E  -23.2E  -22.5E-9999.9M  -19.7   -17.4   -12.6   -13.7   -15.2   -12.8   -16.8   -18.1E-9999.9M  -12.7E  -12.8   -15.7 -9999.9M
 2017  5   -15.6   -16.2   -13.6   -15.2   -12.8   -14.5   -11.1    -2.8E-9999.9M   -0.6E    1.1    -0.4E    1.5     1.8    -3.6    -6.4    -4.5    -5.6 -9999.9M-9999.9M-9999.9M-9999.9M   -7.4    -5.9    -5.0    -2.0E   -1.3     0.3     1.6     3.3     4.9 
 2017  6     6.4     7.3     2.3     3.8     5.2E-9999.9M    2.1E    0.5E   -0.2    -0.1     0.0     2.5     2.2     3.4     4.9E    9.6     6.5     4.1     8.2     8.4E    8.3E-9999.9M   10.3     6.0     2.0     3.2     6.1     9.2    10.3    11.8 -9999.9M
 2017  7    12.7    10.9     7.9     7.6     8.8E    8.6     9.3     4.4E-9999.9M    8.8E    8.9     9.3     7.0     4.9     3.0     7.6    11.0     5.9     5.9     6.9     5.5     8.9     8.4E   10.9E   13.1    12.9E    8.5     7.1     9.5     8.6     5.5 
 2017  8     7.7     7.6     7.0     7.0     9.0     8.9     9.1     9.3E    9.3E    9.3     6.6     7.0     6.2     6.5     9.4    10.2     9.2     9.5     6.2     5.0E    6.3     7.5     9.0E-9999.9M    9.5E   10.5    12.2    10.5E    6.7E    0.9     2.3 
 2017  9     6.5     9.5     9.1     9.2     3.9     2.7     4.8E    3.8E    5.5     2.1     3.3     4.7E    4.4     2.8E-9999.9M    1.3     2.5     3.6     3.5     1.5     1.8E    1.6E    0.9    -0.2    -1.8    -2.0    -2.5     0.2    -2.1    -1.2 -9999.9M
 2017 10    -3.1    -2.9    -0.2    -3.5E-9999.9M   -5.4    -7.6    -9.0    -2.3    -0.8E   -3.1E   -4.4    -1.4    -0.3    -2.6    -4.6    -5.7E   -7.8    -4.6    -7.9    -9.4    -5.2     0.0    -3.5    -5.0    -8.8   -12.7    -9.5    -8.7E  -10.9    -8.0 
 2017 11   -10.7   -11.7   -12.7   -10.3    -8.7   -12.9   -10.9   -12.8 -9999.9M  -15.8E  -16.4   -14.4   -16.2   -11.2   -16.0   -18.3E  -22.1   -13.1    -8.9E   -2.9    -6.6   -12.4E  -13.2   -16.5   -16.7E  -16.4   -18.7 -9999.9M  -13.4   -14.9 -9999.9M
 2017 12 -9999.9M-9999.9M-9999.9M   -9.0E  -11.7    -5.8    -7.8   -11.5   -15.7   -18.5   -18.7   -19.8   -17.5E  -20.1E  -13.9   -14.6   -21.0   -21.6   -21.1   -20.2   -24.1   -29.8   -26.2   -24.4E  -25.2E-9999.9M  -22.5   -25.2   -29.8   -34.2   -36.8 
 2018  1   -34.8   -36.3   -35.3E  -35.9   -33.7E  -30.6E-9999.9M  -31.0E  -27.5   -30.7   -33.1   -38.1   -33.6   -31.6   -30.9   -32.1   -33.6   -29.3   -29.9E  -27.5E  -27.2   -31.2   -32.5   -28.7   -31.2   -29.7   -27.5   -30.6   -32.7   -31.3   -32.1E
 2018  2   -34.8E  -37.9   -40.5   -37.0   -34.1   -37.8   -36.5   -40.7   -39.7E  -35.8   -38.3   -39.8   -36.7E-9999.9M  -37.6E  -36.1   -34.8   -32.1   -39.6   -35.8E-9999.9M-9999.9M  -29.5   -30.3   -23.1   -20.5E  -20.8E  -19.1 -9999.9M-9999.9M-9999.9M
 2018  3   -19.2   -14.8   -13.5   -12.9   -10.6   -16.4   -19.9   -15.2   -14.2E-9999.9M-9999.9M  -14.6   -20.8   -19.7   -23.6   -21.4   -15.8   -13.4   -13.2   -17.9   -16.9E  -22.6   -24.7   -22.2   -16.4   -15.6E  -19.9E  -14.2   -18.4E  -25.1   -27.1 
 2018  4   -24.5E  -20.8E  -25.2   -14.4   -14.3   -13.2   -10.8E  -15.3   -19.4   -20.3E  -20.6   -16.4   -17.3E  -19.1   -17.6   -15.4   -14.0   -13.4   -13.2   -13.8   -13.0   -11.5E-9999.9M-9999.9M-9999.9M-9999.9M  -23.3   -20.7   -13.0   -13.5 -9999.9M
 2018  5   -17.3   -16.9   -14.6   -10.4   -15.3 -9999.9M-9999.9M  -10.1   -13.3   -13.1   -13.5   -13.5   -15.2   -13.7   -13.0E-9999.9M  -10.2    -9.9E  -10.5E   -9.9    -8.0   -10.3    -8.9    -8.5    -8.4    -8.7    -5.0    -3.4    -5.5    -4.9E   -6.2E
 2018  6    -7.6    -7.4    -5.4    -6.4    -6.6    -5.9    -4.4    -4.6    -3.2    -3.1    -2.3    -1.9E-9999.9M   -1.4E   -0.4    -1.1     1.2     2.5    -1.1    -1.5    -1.0    -2.2    -1.8     0.9     0.0     0.0E-9999.9M    0.7     0.1     1.6 -9999.9M
 2018  7     3.5     4.2     1.4     4.1E    4.7     4.6     7.4     5.0     4.8     3.8     6.6E    9.9E   12.8E   12.0     4.9     3.6     5.9     5.1     4.1     8.2    11.5    11.8     7.3 -9999.9M-9999.9M    5.9 -9999.9M-9999.9M-9999.9M    6.1     4.8 
 2018  8     5.2     9.4     4.1 -9999.9M    8.9     4.7     8.1    10.9     7.5     7.2     9.0 -9999.9M-9999.9M-9999.9M    6.7     6.0     4.2     5.8     5.5 -9999.9M-9999.9M-9999.9M    4.5     1.3     2.8 -9999.9M-9999.9M-9999.9M    0.8     2.2     4.4 
 2018  9     4.6     3.4     2.0     4.6     4.0     2.5     3.2     0.6 -9999.9M    0.8     1.6     0.3     0.3     0.5    -0.5    -2.5    -2.6    -3.0    -1.9    -2.9    -3.3 -9999.9M-9999.9M   -2.0    -2.1    -3.8    -3.8    -2.1    -5.1    -4.5 -9999.9M
 2018 10    -4.6    -3.4    -3.2 -9999.9M-9999.9M   -4.6    -5.0    -6.1    -7.0    -7.3    -7.3    -7.3    -7.9    -8.0    -9.2   -12.8 -9999.9M  -16.9   -11.9   -13.6   -14.3 -9999.9M  -14.7   -12.3   -12.0   -11.9    -9.9 -9999.9M-9999.9M-9999.9M   -7.2 
 2018 11    -8.8   -15.2   -16.7   -14.3   -10.1    -7.4    -6.9    -5.4 -9999.9M-9999.9M-9999.9M  -26.3   -18.8 -9999.9M  -17.0   -16.8   -19.3   -21.8   -15.9   -18.1 -9999.9M  -23.0   -20.9   -14.2    -6.7    -4.0    -8.7   -16.5   -17.5   -18.2 -9999.9M
 2018 12   -15.9   -13.6 -9999.9M  -22.7   -21.1   -25.1   -26.8   -22.0   -26.9   -24.0   -20.4 -9999.9M-9999.9M-9999.9M-9999.9M  -12.2 -9999.9M  -14.9   -20.0   -17.1   -18.5   -20.2   -19.7   -18.9   -25.0 -9999.9M-9999.9M  -27.7   -21.5   -24.2   -28.6 
 2019  1   -34.5   -38.0   -40.0   -35.0   -31.5   -33.0 -9999.9M  -23.8   -19.6   -22.8   -19.6   -25.8   -24.8   -23.5 -9999.9M  -34.7   -37.3 -9999.9M-9999.9M-9999.9M-9999.9M-9999.9M-9999.9M-9999.9M-9999.9M-9999.9M-9999.9M-9999.9M-9999.9M-9999.9M-9999.9M
 2019  2 -9999.9M-9999.9M-9999.9M-9999.9M-9999.9M  -34.8   -30.9   -31.9   -27.8   -24.8   -30.7 -9999.9M  -26.5   -29.3   -27.2   -21.0   -22.2   -25.2   -27.3   -33.4   -35.1   -29.5 -9999.9M-9999.9M  -23.6   -18.1   -23.2   -21.5 -9999.9M-9999.9M-9999.9M
 2019  3   -23.1   -27.5   -27.0   -26.9   -28.1   -29.7 -9999.9M  -24.8   -26.9   -28.5   -26.6   -27.7   -25.5   -21.3 -9999.9M  -16.3 -9999.9M-9999.9M-9999.9M  -26.3   -22.3   -25.0   -20.3   -24.7   -22.5 -9999.9M  -18.2 -9999.9M  -22.2 -9999.9M-9999.9M
 2019  4 -9999.9M  -19.7   -19.2   -21.1   -21.4   -23.2   -17.6   -14.3   -16.4 -9999.9M-9999.9M-9999.9M   -8.7   -12.3   -11.3    -9.1    -8.6    -8.0   -11.8   -13.0   -11.5 -9999.9M  -20.9   -16.0    -6.6    -5.6    -7.7    -4.7    -9.6   -11.6 -9999.9M
 2019  5 -9999.9M  -12.2    -9.9 -9999.9M-9999.9M-9999.9M   -2.9    -3.8    -3.9    -4.1    -1.8    -4.7 -9999.9M   -2.1 -9999.9M   -3.6 -9999.9M-9999.9M   -2.4 -9999.9M   -2.1    -3.1    -6.3    -5.2    -5.9    -4.9    -1.4     0.2     0.1    -0.4 -9999.9M
 2019  6    -2.3    -1.3    -0.4    -0.7    -0.6    -0.8     1.3     1.0     1.7     6.9     5.4 -9999.9M    0.8 -9999.9M-9999.9M-9999.9M    2.4     4.1     8.3     9.8     9.8     3.4     5.5     8.7 -9999.9M-9999.9M-9999.9M   10.8 -9999.9M-9999.9M-9999.9M
 2019  7     8.6     9.4    12.2    10.5    10.3     7.4     9.4     8.9    12.5    14.7    11.1    10.5    13.6    12.3    10.5 -9999.9M-9999.9M-9999.9M-9999.9M   13.4     9.0     9.6    11.5     9.0     7.6     8.8     7.0     8.4     8.7    11.9     6.4 
 2019  8 -9999.9M-9999.9M    8.8    10.9    11.0    11.6 -9999.9M    8.8     5.9     5.5     6.2     5.2     6.8     6.0     7.2     7.4 -9999.9M-9999.9M    8.2     4.3     7.3     9.2    10.7     6.9     8.8     8.6     8.6     9.2    10.7     9.2     5.4 
 2019  9 -9999.9M-9999.9M-9999.9M    5.2     4.8     3.9     4.4     3.2     0.8     1.2     3.7     3.9     4.8     2.2 -9999.9M-9999.9M-9999.9M    8.4     6.3 -9999.9M    1.4     0.0    -1.6     1.6     5.6     4.6     2.0     1.8 -9999.9M-9999.9M-9999.9M
 2019 10    -0.2    -2.2    -2.3    -1.8     1.5     2.2     1.9     1.7     2.7     1.3    -1.3 -9999.9M-9999.9M   -5.2 -9999.9M   -1.6    -4.3    -6.9    -7.6    -5.9    -3.5    -2.4    -0.2     0.8 -9999.9M-9999.9M   -4.9    -2.3    -3.5    -5.1    -6.6 
 2019 11    -7.3    -7.0    -9.4   -10.9   -12.1 -9999.9M-9999.9M  -14.6   -13.9   -12.9   -11.6   -14.3   -18.6   -15.8   -14.7   -14.9   -10.5 -9999.9M-9999.9M  -15.0   -10.2    -8.3    -9.3    -9.1    -7.9    -6.0    -9.6   -13.4 -9999.9M-9999.9M-9999.9M
 2019 12 -9999.9M  -16.6   -20.7   -16.4   -15.9   -20.8   -18.4   -16.7   -20.2   -26.1 -9999.9M  -24.3   -24.0   -23.9   -18.0 -9999.9M   -6.3    -6.9    -9.3   -20.1   -24.2 -9999.9M-9999.9M  -15.0   -17.7   -19.6   -18.7   -20.7   -20.4   -18.1   -20.5 
 2020  1   -17.6   -12.3 -9999.9M  -19.9   -29.0   -29.3   -32.8   -35.5   -33.5   -32.8   -34.4   -30.5   -29.8   -27.4 -9999.9M-9999.9M  -26.3   -26.6   -25.3   -30.6   -34.8   -29.8   -27.9   -33.8   -33.7   -29.7 -9999.9M  -21.0   -22.3   -19.7   -20.2 
 2020  2   -14.2   -12.5   -14.8   -17.3   -20.4   -24.5 -9999.9M-9999.9M  -34.3   -38.4   -38.0   -32.4   -28.9   -34.9   -33.1   -31.3   -35.4 -9999.9M  -35.4 -9999.9M  -36.3   -31.5   -33.0   -29.9 -9999.9M-9999.9M-9999.9M  -29.6   -26.8 -9999.9M-9999.9M
 2020  3   -27.3   -19.2 -9999.9M  -17.1   -23.8   -25.3   -21.7   -31.1 -9999.9M  -28.4   -29.2   -28.3   -28.6 -9999.9M-9999.9M  -19.0   -20.1   -26.3   -28.0   -29.1   -24.3   -21.9   -14.0   -21.0   -24.8 -9999.9M-9999.9M  -21.4   -17.5   -19.9   -21.1 
 2020  4   -15.4   -18.0 -9999.9M  -17.9   -16.8 -9999.9M  -14.8   -17.2   -15.1   -14.0    -9.6   -11.3   -14.6   -16.9   -12.4   -15.9   -21.1 -9999.9M  -25.6   -25.9   -24.2   -19.2   -14.1    -8.6    -6.5    -9.3    -5.4    -4.4 -9999.9M-9999.9M-9999.9M
 2020  5 -9999.9M  -10.8   -14.9   -16.4   -13.2   -11.5    -9.2    -5.1    -4.4    -5.4    -4.0 -9999.9M-9999.9M-9999.9M   -3.9    -2.6    -5.0    -4.0     0.7    -3.6    -7.4    -6.0    -6.0    -4.2 -9999.9M-9999.9M-9999.9M   -3.5 -9999.9M   -2.3    -3.3 
 2020  6    -4.0    -3.6    -4.3    -0.6    -0.3    -1.9    -3.2 -9999.9M   -2.9    -3.0 -9999.9M   -3.0    -1.8     0.9    -1.2     0.8     1.5     0.8     1.4     4.6     6.8 -9999.9M-9999.9M-9999.9M   13.0    12.9    12.6    12.4     9.1     7.4 -9999.9M
 2020  7     9.2     8.7     8.1     9.8     8.8    10.0    14.0 -9999.9M-9999.9M-9999.9M-9999.9M-9999.9M    8.9    14.1    19.1 -9999.9M   15.9 -9999.9M-9999.9M   12.4    10.0 -9999.9M-9999.9M-9999.9M   11.2 -9999.9M-9999.9M   16.5    16.7    16.3 -9999.9M
 2020  8 -9999.9M    9.2    12.4    14.4    13.9    14.5    12.6    13.2    12.4 -9999.9M    6.8 -9999.9M-9999.9M   11.6    14.0    14.5 -9999.9M-9999.9M-9999.9M    5.1     7.1     7.4     8.4 -9999.9M-9999.9M    4.4     6.0 -9999.9M-9999.9M-9999.9M    9.0 
 2020  9    11.0 -9999.9M    8.0     4.6     5.3     6.1     6.4     3.7     1.7 -9999.9M    4.6 -9999.9M-9999.9M    2.1    -0.5     0.0     0.5    -1.2    -0.3 -9999.9M    3.0 -9999.9M    1.9     0.7 -9999.9M-9999.9M-9999.9M   -2.0    -4.6    -1.4 -9999.9M
 2020 10    -3.4    -3.7    -1.9    -1.8    -1.4    -3.2    -3.9 -9999.9M-9999.9M   -2.7    -4.2    -5.5    -3.0 -9999.9M   -3.3 -9999.9M   -4.5    -7.2 -9999.9M-9999.9M-9999.9M   -5.3    -5.7    -7.1   -10.3    -9.6   -13.8 -9999.9M-9999.9M-9999.9M  -14.8 
 2020 11 -9999.9M-9999.9M-9999.9M-9999.9M-9999.9M-9999.9M  -15.4   -14.2   -15.9   -15.9   -14.4   -13.2 -9999.9M  -12.8   -10.5    -8.3    -6.4   -10.8   -13.6 -9999.9M-9999.9M-9999.9M-9999.9M-9999.9M-9999.9M-9999.9M-9999.9M-9999.9M-9999.9M-9999.9M-9999.9M
 2020 12 -9999.9M  -13.0    -6.8    -8.7   -10.5   -11.2   -14.0   -14.2 -9999.9M-9999.9M-9999.9M  -24.7   -18.4   -17.8   -23.7   -26.5   -23.7   -22.7   -15.8   -21.8 -9999.9M  -24.9   -22.7   -22.9   -23.3   -15.6   -14.4   -21.1   -20.8   -23.9   -27.2 
 2021  1 -9999.9M-9999.9M  -28.2   -26.7   -12.1   -21.9   -26.8   -21.5   -15.7   -21.8   -21.6   -20.6 -9999.9M-9999.9M  -14.7   -23.0   -28.4   -22.2   -22.3   -29.6   -17.1   -15.4   -17.8 -9999.9M-9999.9M-9999.9M  -19.5   -18.4   -19.7   -20.5   -23.9 
 2021  2   -25.4   -24.4   -25.1   -16.8 -9999.9M   -9.5    -8.6   -14.4   -16.5    -9.7   -14.7   -22.4   -27.1   -27.8   -23.6 -9999.9M-9999.9M  -30.0   -34.4   -27.4   -17.8   -12.0    -9.4   -18.5   -30.2   -32.1   -37.5 -9999.9M-9999.9M-9999.9M-9999.9M
 2021  3 -9999.9M  -31.5   -28.4   -18.4   -17.9   -23.1   -23.8   -18.8   -20.7   -28.0   -26.3 -9999.9M  -28.5   -27.6   -30.4   -29.5   -25.7   -23.7   -26.4   -25.6   -18.9   -15.7 -9999.9M-9999.9M  -30.6   -26.7   -25.9   -20.1 -9999.9M-9999.9M  -23.3 
 2021  4   -28.6   -22.3   -20.0 -9999.9M-9999.9M  -14.2    -5.4   -10.2   -11.0    -9.3    -5.5    -0.9   -10.3   -17.3   -16.7 -9999.9M-9999.9M  -13.1   -12.3   -11.3   -16.5   -17.1    -6.2    -5.3   -10.5   -18.4   -11.0 -9999.9M-9999.9M   -2.6 -9999.9M
 2021  5    -3.5    -3.1    -3.4    -3.2    -1.3    -0.5    -0.6    -0.1    -1.6    -2.2 -9999.9M-9999.9M-9999.9M   -8.1   -10.0    -7.9    -3.3    -9.2    -7.1    -9.3   -10.7    -9.8    -8.4 -9999.9M   -9.4    -8.2    -6.4    -7.4    -4.1     0.4    -0.7 
 2021  6    -3.4    -4.6    -2.6    -3.9    -3.0 -9999.9M   -3.7    -2.7    -4.0    -3.0    -1.9    -0.7     0.7    -2.8    -3.2    -2.0     0.6 -9999.9M-9999.9M-9999.9M-9999.9M    0.4     1.5     2.1     1.9    -0.4     0.2     2.4     2.0     4.4 -9999.9M
 2021  7     5.7     6.4     7.3 -9999.9M-9999.9M    2.6     6.0     4.6     3.1     4.2     6.1     9.7    10.1 -9999.9M   11.4    14.7    10.4     4.4 -9999.9M-9999.9M-9999.9M    8.3 -9999.9M   12.0     7.8     5.2     5.6 -9999.9M   13.6    10.5     8.6 
 2021  8     7.7     9.5    10.8     5.7     3.6     5.1     5.3     9.1     7.9     7.5    11.1    15.3     8.0     6.0     6.7     7.8     5.4     8.0     5.6     7.0     8.3     8.7     3.7     3.7     5.9     7.3     9.4     9.8    10.1     3.9     1.8 
 2021  9     3.7     7.2     8.9    10.0     9.2     7.3     5.1     6.0     2.9     1.7     1.9    -0.4     0.5     2.2     3.3     2.5     5.0     1.4    -1.6     0.1     2.6     0.9    -1.1    -0.1    -1.0     1.6     0.8    -1.4    -1.4     0.6 -9999.9M
 2021 10     1.6     4.7     4.5     4.8     2.3     0.3    -1.5    -0.7     2.0     1.6     1.7     4.6 -9999.9M   -0.8    -1.5    -1.3    -1.5     0.8     1.3    -0.6    -1.0    -3.9    -3.1    -2.2    -2.8    -3.2    -3.8    -2.4     0.5     0.6    -2.4 
 2021 11    -6.0    -7.9    -8.2    -8.9   -10.4   -12.2    -9.9    -9.8   -11.6   -11.2   -12.8   -13.7   -12.9   -12.5   -12.2   -12.2   -11.9   -12.3    -9.0   -11.0   -12.3    -7.7    -8.2    -9.1    -8.8   -12.1   -10.2    -9.3   -11.7   -13.7 -9999.9M
 2021 12   -13.1   -14.0   -16.4   -19.5   -20.5   -18.5   -22.1   -18.4   -17.1   -20.3   -17.0   -15.1   -14.0   -17.6   -20.0   -16.6    -9.2   -17.9   -22.4   -22.8   -22.7   -22.3   -18.0    -9.1   -13.6   -16.5   -14.9   -18.0   -19.7   -17.9   -21.4 
 2022  1   -18.2   -22.9   -26.4   -23.6 -9999.9M-9999.9M  -35.0   -32.6   -29.6 -9999.9M  -31.8   -32.8   -31.4   -30.5   -31.0   -25.4   -28.4   -36.3   -36.3   -37.7   -30.3   -25.9   -34.9 -9999.9M  -36.7   -32.4   -26.6   -31.0   -30.6   -34.1   -34.5 
 2022  2   -28.4   -24.6   -33.0   -35.3   -37.3   -36.3   -32.6   -24.4   -23.1   -20.0   -30.8   -34.2   -32.5   -33.1   -36.4   -33.1   -32.7   -34.8   -34.1   -34.8   -35.5   -36.9   -38.4   -37.3   -36.0   -33.9   -26.5 -9999.9M-9999.9M-9999.9M-9999.9M
 2022  3   -31.1   -30.4   -25.3   -22.7   -23.8   -23.5   -18.9   -19.8   -24.1   -29.6   -31.0   -31.7   -31.2   -32.5   -32.4   -26.1   -22.0   -20.3   -21.7   -18.4   -18.6   -20.7   -17.9   -11.0    -8.8    -7.1 -9999.9M-9999.9M-9999.9M-9999.9M-9999.9M
 2022  4    -7.3 -9999.9M  -16.2   -20.7   -15.0   -14.0   -13.5   -11.0   -10.8   -11.7   -12.8   -16.4   -17.3   -18.8   -18.1   -16.8   -24.8   -25.2   -19.0   -14.7   -18.1   -14.7   -17.5   -12.3   -17.8   -20.7   -15.5   -17.7   -12.7    -7.9 -9999.9M
 2022  5    -5.7   -10.3   -12.6   -12.1   -11.6    -8.8    -8.8    -3.1    -0.6     0.2    -3.7    -4.9    -3.6    -9.1    -9.1    -6.3    -3.7    -3.8    -6.7    -6.0    -2.8    -7.1   -10.0    -4.5    -6.9    -6.0    -4.6    -3.2     2.0 -9999.9M-9999.9M
 2022  6    -1.4    -1.3     0.2     0.9     1.5     3.5     2.0     3.1 -9999.9M    2.7     4.8     7.0     8.6    11.4    12.5     3.4    -1.3 -9999.9M-9999.9M    8.5    10.8     9.2     6.7 -9999.9M    6.0     6.3 -9999.9M-9999.9M    7.1     7.6 -9999.9M
 2022  7     9.9     2.8     6.4     6.0     7.5 -9999.9M    8.8     9.7     6.4     8.9    10.0    11.9    10.8    11.2    15.0    15.2 -9999.9M   14.0 -9999.9M    9.4    11.5    10.9     9.6     9.4    10.5    10.8    14.1 -9999.9M-9999.9M   10.6 -9999.9M
 2022  8     7.5     9.6    10.6     7.7     7.5     9.5     9.4    10.1    10.0 -9999.9M   11.6 -9999.9M    8.8     6.8     7.0    12.9    12.4    12.2    12.3    11.8    13.9     6.4     4.1     3.7     4.0     3.8     1.9     2.7     4.4     5.0     3.1 
 2022  9     6.3     6.1     2.5     4.2     5.6     8.4     9.2     9.8     9.2     7.3     5.4     7.1     4.5     3.1     3.3     3.1     2.6     3.3     5.3     7.4     3.2    -2.1    -3.0    -1.1     4.0     3.6    -0.6    -3.2     0.0    -0.9 -9999.9M
 2022 10    -3.2    -2.2     2.2    -1.4 -9999.9M   -5.5    -3.5    -4.2    -5.1    -6.1    -7.5 -9999.9M   -4.7     0.4     2.0     1.2    -3.6    -7.5    -6.1    -0.9    -1.3    -1.8    -4.9    -8.5 -9999.9M   -1.4    -6.4    -7.4    -3.1    -4.8    -8.3 
 2022 11    -3.4    -8.3 -9999.9M  -15.4   -13.2   -12.5    -7.3   -11.5   -15.7   -14.0   -13.2   -10.9    -8.3    -9.6   -11.9   -12.6   -11.7   -14.6   -23.1   -17.9   -17.2   -18.2   -18.4   -21.0   -17.5   -10.2   -13.0   -15.1   -16.4   -17.2 -9999.9M
 2022 12   -10.9   -13.9   -14.2   -14.5   -20.5   -17.2   -17.0 -9999.9M  -19.6   -20.6   -20.2   -19.2   -12.0   -11.1   -11.3   -10.5   -12.7   -12.1    -8.6    -8.4   -10.2   -12.2 -9999.9M-9999.9M   -9.9    -7.5 -9999.9M-9999.9M-9999.9M-9999.9M-9999.9M
