7116505, RIVIERE AUX FEUILLES, QUE , station not joined, Homogenized daily mean temperature           , Deg Celcius,          Updated to 2022
7116505, RIVIERE AUX FEUILLES, QUE , station non jointe, Temperature quotidienne moyenne homogeneisee , Deg Celcius, Mise a jour jusqu a 2022
 Year Mo  Day 01  Day 02  Day 03  Day 04  Day 05  Day 06  Day 07  Day 08  Day 09  Day 10  Day 11  Day 12  Day 13  Day 14  Day 15  Day 16  Day 17  Day 18  Day 19  Day 20  Day 21  Day 22  Day 23  Day 24  Day 25  Day 26  Day 27  Day 28  Day 29  Day 30  Day 31
Annee Mo Jour 01 Jour 02 Jour 03 Jour 04 Jour 05 Jour 06 Jour 07 Jour 08 Jour 09 Jour 10 Jour 11 Jour 12 Jour 13 Jour 14 Jour 15 Jour 16 Jour 17 Jour 18 Jour 19 Jour 20 Jour 21 Jour 22 Jour 23 Jour 24 Jour 25 Jour 26 Jour 27 Jour 28 Jour 29 Jour 30 Jour 31
 2006  4 -9999.9M-9999.9M-9999.9M   -1.9     0.4     0.0    -2.8    -5.3    -9.3    -8.5    -7.5    -4.0   -12.9   -13.3    -8.5    -8.0    -3.4     2.9    -4.0    -6.1    -0.8    -0.5     3.1     4.0    -2.8    -5.4    -9.9    -4.3    -1.9     1.4 -9999.9M
 2006  5     5.4     5.5     6.6     7.1    -1.9    -5.7    -4.7    -4.3    -6.7    -2.3     4.6     4.2    10.5     6.2     1.9     2.8     3.8     9.1    13.2    13.7    11.8    11.6     8.7     5.3     1.7     0.9     0.6     2.9     5.1    10.8    11.3 
 2006  6     3.5     5.2     5.1     4.8     4.7     5.9    14.2    18.0     8.8     7.9     8.9    10.4     8.5E    6.3    11.9     7.1     7.9    11.4    12.1    11.5    11.7     9.3     4.5     3.7     4.1    10.0    10.2     8.5     7.7     7.0 -9999.9M
 2006  7    11.4     8.3    10.9    16.0    18.2    13.0    11.6     9.6     8.0     8.3     8.1    10.0    13.6    14.0E   16.8    15.6    11.0    10.4    14.8    12.8    11.6    11.8    11.1    14.1    17.1E   19.6    21.0    20.3    13.0    10.6     9.1 
 2006  8     9.3E   13.2    12.9    12.2    10.0    11.4    10.2    11.2    10.9    10.5     8.3E   11.3    10.4    11.1    11.7    11.7    12.0    13.3    11.2    12.4    11.2     8.3     7.1     9.1     9.3    10.5    14.2    13.6    12.1     9.4    11.0 
 2006  9    14.4    14.7    12.8     7.8     6.8     5.2     4.9     5.8     6.6     7.2    11.0    13.3    11.4     5.0     3.9     3.6     2.3     3.5     4.1     3.5     2.9     3.6     3.2     3.9     2.7     4.1     4.6     4.2     1.7     1.7 -9999.9M
 2006 10     5.1     6.5     6.2     1.8     1.9     4.9     3.0     0.8    -1.0    -3.6E   -1.6     2.9     3.1     2.5     3.3     1.5     0.8    -1.0     2.1     3.6     2.9     3.2     1.8E-9999.9M-9999.9M   -2.6E   -3.6    -2.2    -0.3     0.0    -3.3 
 2006 11    -4.9    -9.1    -6.2    -3.4    -3.2    -4.2    -5.9   -13.4    -8.3    -4.9   -10.4    -7.6    -5.2    -0.6    -4.4    -3.4    -5.5    -5.1   -10.3    -7.6   -10.9    -8.4    -3.8    -8.2    -6.4E   -9.9   -11.5   -15.8   -18.4    -8.6 -9999.9M
 2006 12   -15.0   -21.6   -14.2   -13.1   -13.8   -16.9   -19.2   -27.5   -17.5   -11.6   -14.8    -9.7    -4.0    -1.8E   -5.5    -8.6   -11.5   -14.9   -12.2   -10.7   -17.2   -11.6    -9.6   -10.4   -19.9 -9999.9M-9999.9M-9999.9M-9999.9M-9999.9M-9999.9M
 2007  1 -9999.9M-9999.9M-9999.9M-9999.9M-9999.9M-9999.9M-9999.9M-9999.9M-9999.9M-9999.9M-9999.9M-9999.9M-9999.9M-9999.9M-9999.9M-9999.9M-9999.9M-9999.9M-9999.9M-9999.9M-9999.9M-9999.9M-9999.9M-9999.9M-9999.9M-9999.9M-9999.9M-9999.9M-9999.9M-9999.9M-9999.9M
 2007  2 -9999.9M-9999.9M-9999.9M-9999.9M-9999.9M-9999.9M-9999.9M-9999.9M-9999.9M-9999.9M-9999.9M-9999.9M-9999.9M-9999.9M-9999.9M-9999.9M-9999.9M-9999.9M-9999.9M-9999.9M  -34.1E  -28.2   -27.3   -29.2   -31.5   -32.5   -26.6   -27.8 -9999.9M-9999.9M-9999.9M
 2007  3   -30.9   -28.6   -26.3E  -26.5E  -26.2   -35.5E  -32.9E  -29.8   -28.1   -17.5   -27.3   -34.0   -26.9   -18.3   -27.9E  -22.5   -18.5   -25.4   -30.6   -27.6   -26.2   -27.5   -28.2   -19.8E   -3.2     1.5    -8.4   -14.5    -9.3   -13.2   -18.3 
 2007  4   -24.4   -25.8   -11.8    -2.5    -5.0   -10.1   -13.4   -11.9E  -12.7E  -18.4    -9.6   -10.6   -14.0   -14.1    -9.7    -9.1    -1.6    -3.8    -2.7    -6.3    -6.3    -1.9    -4.6    -9.8    -9.6   -10.4    -7.5    -4.6    -4.3    -2.4 -9999.9M
 2007  5    -1.5    -3.2    -6.5    -6.7    -4.0    -6.7    -4.3     1.8    -1.6    -2.4    -5.3    -8.5    -7.2    -7.9   -11.4    -5.6     0.4    -4.5    -8.9    -5.7    -4.5    -2.6     1.2    -1.5    -5.2    -4.2    -1.8     1.7    -1.2    -1.6     1.4 
 2007  6    -0.8    -1.1     0.6     5.0     0.3    -0.1     4.8     5.2     8.8     7.0     6.1E   10.3    12.8    14.5     9.2    10.3     7.5    11.6    15.0     7.6     7.7     5.8     5.1     7.1     9.1     7.9     7.5     7.5     6.7     9.4 -9999.9M
 2007  7    11.3    11.6    14.9    18.7    15.4    10.1    10.6    14.9    16.9    11.7    13.0    13.4     7.9    11.6    15.9    10.2     9.5    10.3    11.2    12.1    13.1    12.5    14.5    13.6E   16.2    17.8    11.6    10.6    11.2     9.6    11.6 
 2007  8    13.0    14.9    15.9    11.9    11.5    10.6    10.3     9.7     8.8    12.0    11.6     9.7     9.4    11.1E   10.0     9.6     8.6     8.6    10.6     8.8    13.3    14.1    15.1    15.8E   10.8     8.7    13.2     9.2     9.5     9.4     8.2 
 2007  9     8.7     7.7     8.0     8.2     7.4     9.4     6.1     4.2     4.5     5.1     8.2     7.5     3.3     2.8     4.8     4.2     4.9     3.3     3.6     2.4     4.0     5.5     4.8     1.6     0.0    -0.4    -0.2     4.8E    3.2     5.5 -9999.9M
 2007 10     5.7     2.1    11.0     7.0     4.8     0.9    -0.7     1.1    -2.7    -1.3    -0.7    -2.0     2.0E    2.5     0.9     0.3    -2.6    -3.5     4.0     1.8     0.6    -0.3    -0.1    -1.9    -1.3     2.7    -2.7    -8.1    -6.5E   -2.6    -3.1 
 2007 11    -6.5    -8.6    -0.5    -3.1   -12.0   -11.4    -8.5   -11.2   -10.8E  -10.5   -12.7    -3.8    -4.0    -5.3    -4.5    -4.7    -9.0    -9.4    -9.0E  -10.8   -10.3   -18.8   -12.0   -12.9   -16.4   -18.0   -18.3   -11.6   -20.7   -23.4 -9999.9M
 2007 12   -22.2E  -21.6   -25.9   -21.2   -17.5E  -14.7   -14.9E  -15.2E  -19.0   -17.0   -17.8   -23.1   -21.2   -26.2   -23.6   -21.0   -29.9   -32.0   -25.7   -24.3E-9999.9M  -18.7   -33.5   -31.4   -24.3   -21.1   -26.1   -25.8   -31.6   -33.1   -25.6 
 2008  1   -30.7   -27.9   -25.5   -29.7   -33.7   -27.2   -26.4   -30.0   -27.9   -23.6   -20.3   -18.3   -21.7   -29.5   -33.4   -25.4   -20.2   -25.9   -27.3   -29.0   -31.3   -34.1   -32.8   -33.4   -31.3   -27.0   -22.1   -20.1   -17.1    -6.3E  -12.9 
 2008  2   -22.6   -18.4   -21.8   -26.4   -32.9   -34.9   -29.5   -19.0   -28.7   -29.6E  -24.8   -26.1   -23.8   -23.1   -33.8   -33.7   -30.4   -30.7   -25.3   -27.3E  -28.1   -23.4   -21.1   -27.4   -29.8   -29.0   -32.6   -31.0   -29.6 -9999.9M-9999.9M
 2008  3   -30.3   -31.6   -17.3   -24.9   -25.8   -28.7   -30.8   -31.3   -22.2   -18.7   -28.1   -28.2   -27.4   -25.9   -20.7   -25.1   -22.1    -8.0    -6.4    -4.8    -8.4   -15.6   -20.8   -22.0   -21.7   -20.3   -24.9   -24.8   -26.2   -21.8    -7.5 
 2008  4   -14.2   -17.8   -15.5   -12.6    -9.1   -15.7   -13.7    -8.8    -8.7   -16.3   -17.2   -16.8   -15.3    -9.8    -5.5E    1.1E   -3.9    -7.2    -6.6    -7.4   -10.8   -12.2    -6.3    -3.4    -3.0     2.7     3.6    -2.8    -4.1     2.9 -9999.9M
 2008  5    -1.6     0.5     2.2     5.9     2.2     3.3     2.6     0.9     2.0     2.9     5.0     5.9     5.8     3.7     5.1     5.5     5.9     7.9     8.4     7.7     9.2     7.0     5.4     5.8     1.1     2.6     1.7     1.3     3.3     0.4     4.4 
 2008  6    11.1     6.4     3.2     6.8    14.0    11.6    11.7     7.0     2.7     7.1     5.8     3.1     6.2    15.6    16.8    17.8    18.2    19.7    18.8    16.0    16.8    15.8    13.7E   10.0     9.7     9.7    11.2     9.6    12.8    15.8 -9999.9M
 2008  7    11.8    13.7    10.2     6.9     7.2     9.3    10.7    10.8    12.8    11.0    14.0    14.8    15.0    14.0    14.2    14.7    15.4    14.9    13.8    15.0    18.2 -9999.9M-9999.9M-9999.9M-9999.9M-9999.9M-9999.9M-9999.9M-9999.9M-9999.9M-9999.9M
 2008  8 -9999.9M-9999.9M-9999.9M-9999.9M-9999.9M-9999.9M-9999.9M-9999.9M-9999.9M-9999.9M-9999.9M-9999.9M-9999.9M-9999.9M-9999.9M-9999.9M-9999.9M-9999.9M-9999.9M-9999.9M-9999.9M-9999.9M-9999.9M-9999.9M-9999.9M-9999.9M-9999.9M-9999.9M-9999.9M-9999.9M-9999.9M
 2008  9 -9999.9M-9999.9M-9999.9M    7.5     8.1     7.1     9.2     8.9     6.4     6.7     5.9     7.3     7.2     2.4     2.9     4.7     2.9     1.9     3.3     3.4E    1.8     2.0E    2.0     4.8     9.4     8.7     4.9     1.5     0.0     4.0 -9999.9M
 2008 10     5.7     4.2     0.9    -1.1    -1.3     3.1     3.2     5.2     5.3     3.9     5.0     3.8     4.2     6.5E   -1.4    -2.6    -4.1    -0.7     0.0    -5.4    -4.3     0.3     2.3     2.8     3.8     5.4     4.1    -0.9    -2.7    -5.9    -3.1 
 2008 11    -6.7    -4.7    -8.1   -10.4   -10.9   -13.6   -10.1   -15.6    -6.8    -3.8   -11.0   -10.1    -4.2     0.5    -2.1    -8.4   -10.4    -9.1   -11.6   -18.4   -18.4   -22.6   -17.0   -24.4   -19.7    -9.4    -5.7    -5.8    -6.8E   -8.8 -9999.9M
 2008 12   -10.7   -12.8E   -8.0   -10.2   -10.1   -14.8E  -18.3E  -20.6   -19.9   -21.3   -24.0E  -26.9   -25.3   -26.7   -26.1E  -22.9E  -25.2   -29.5   -27.6E  -24.1   -27.8   -30.4   -25.5   -29.5   -35.1   -34.7   -30.3   -26.8E-9999.9M  -23.2   -24.5 
 2009  1   -26.8   -29.3   -17.1    -8.8    -8.8   -11.5   -17.8   -18.8   -25.5   -26.6   -27.5   -29.6   -28.8E-9999.9M  -36.6   -32.2   -34.9   -32.1   -31.9   -27.7E  -21.5   -26.2   -25.1   -29.7   -31.5   -30.2   -27.5   -24.1   -25.1   -25.3   -30.0 
 2009  2   -33.8   -22.4   -20.4   -25.7   -19.2   -17.4   -21.5   -25.2   -25.3E  -24.9   -21.6   -16.4   -19.0   -27.7   -30.5   -29.5   -26.3   -27.8   -26.2   -18.0   -13.5   -17.8   -25.7   -22.3   -18.7   -29.1   -35.1   -32.8 -9999.9M-9999.9M-9999.9M
 2009  3   -30.7   -27.9   -31.4   -33.5   -28.7   -14.7   -14.7   -28.8   -29.3   -19.6   -23.0   -21.8   -31.5   -32.3   -25.3   -27.4   -20.0    -9.8   -19.4   -24.1   -23.0   -25.0   -27.0   -12.8    -8.5    -5.8   -15.8   -16.1   -10.8    -7.8    -8.5 
 2009  4   -17.7   -16.3   -13.2   -14.7   -14.6   -11.3    -7.7    -5.1    -7.5   -11.2   -16.1   -16.7   -13.5    -7.3   -14.4   -15.2   -16.9   -18.0   -11.6    -9.8E   -7.5     1.8    -5.5E   -4.2    -8.9    -8.5   -11.8   -13.3    -8.8    -3.7 -9999.9M
 2009  5    -8.9   -11.2    -9.2    -7.9    -5.5    -2.3    -1.0    -8.5    -9.5    -7.2    -6.1    -2.8    -4.3E    2.7    -2.4    -5.0    -2.4    -2.2    -3.2    -8.3    -5.8    -5.2    -3.0    -2.0E-9999.9M   -3.8    -1.5     1.6     3.4    -2.3    -2.2 
 2009  6    -1.2     0.3     2.4     2.5     3.6     2.6     2.6     3.7     5.5     7.3     7.2     8.8     9.9    10.4    11.8     8.7     5.9     4.1     5.7    10.1    16.9E    8.9    13.5    16.6    13.5E    9.6    12.5E   20.0    11.9    11.6 -9999.9M
 2009  7     8.1     6.3    12.0    11.4E   11.0    13.2    15.4    17.9    15.3    19.7    16.7    14.3    11.5    13.1    11.2    10.5    10.9    12.8    13.3E   10.9    13.9    15.2E   16.3    17.5    19.6    18.6    20.7    20.0    18.0    11.5    10.8 
 2009  8    11.9    15.8    15.9    15.0    12.5    12.9    11.0    12.6    10.9    11.9    12.1E   15.4    10.9    10.2     9.6    10.3    11.5     9.3     9.1     7.1     8.4    10.3     8.2     7.9     7.4     6.6     7.0     8.5     9.5E    8.0     9.7E
 2009  9    11.1     9.2     6.8     7.2     7.1     8.7     4.6     5.4     7.2    14.7     5.4     4.1     6.1     6.6     5.0E    8.9     7.0     4.2     3.7     9.7    15.0     7.9     2.1     1.3     2.4     5.4     3.6     2.7     0.6     0.1 -9999.9M
 2009 10     1.0E   -0.3    -0.5     0.7     1.2     3.0     3.1     4.0     4.7     3.4     2.8     1.5     0.5    -1.7    -1.2    -0.6     0.3     1.3     1.4    -2.2    -3.8    -5.5    -7.1    -6.5    -5.8    -7.3E   -7.8    -4.3E   -4.1E   -1.2     1.4 
 2009 11    -8.8    -8.6    -5.0   -11.2    -8.0   -14.8    -4.6     0.2    -9.2   -14.4    -5.3    -0.3    -0.1    -0.8    -3.0    -4.9    -2.4    -2.7    -5.5    -5.0    -5.8    -1.6    -0.3    -4.1    -9.5    -9.6    -4.8    -2.7    -3.8    -3.6 -9999.9M
 2009 12   -10.9   -17.6   -13.5    -5.2    -9.4   -12.3   -15.6   -14.7   -15.3   -12.4   -11.4   -10.7   -17.1   -18.0   -16.9E  -30.1   -24.3   -11.3   -10.7    -8.4    -8.5E   -5.6    -9.4E  -14.3   -21.5   -14.8    -9.5   -13.1   -22.8   -23.4   -22.3 
 2010  1   -16.0   -13.8    -6.4   -13.3   -15.0    -6.8   -18.2   -28.8   -24.8   -25.1   -27.5   -38.6   -26.0   -13.2   -19.7 -9999.9M  -34.5   -33.5   -30.6   -18.0   -26.7   -26.2   -22.0   -24.0   -13.4   -20.1E  -30.0   -30.3   -36.7E  -32.0E  -26.6 
 2010  2   -29.8E  -33.1   -31.0   -20.4   -12.3   -12.0   -20.3E  -25.6   -28.0   -29.0   -28.8   -25.8   -17.5   -10.2    -7.6    -5.2E   -6.9E   -4.1    -6.3E  -17.2   -11.1E   -4.5    -3.1    -9.5   -23.5   -14.3   -11.4E  -22.1 -9999.9M-9999.9M-9999.9M
 2010  3   -25.9   -20.4   -23.9   -23.5    -7.0    -7.8    -5.7    -9.2   -10.9   -13.3   -15.6   -14.1    -1.8    -1.7    -2.9    -9.3   -11.5   -16.6   -19.0   -24.5   -17.6   -24.6   -17.9   -15.6   -22.0   -22.0   -21.7   -21.9   -21.1   -16.1    -3.3E
 2010  4     2.5    -1.0    -3.6     1.7    -1.1    -4.9E   -7.1E  -12.4   -13.2    -7.5    -8.6   -10.0   -11.1   -16.4   -14.1    -2.6    -3.7    -4.2    -3.1    -3.7    -2.8    -2.2    -1.0    -3.5    -6.2    -7.9    -8.5    -7.3    -5.0E   -4.5E-9999.9M
 2010  5    -5.5E   -6.0    -5.3    -5.9    -6.2    -5.6    -2.2    -1.6    -2.9    -4.1    -4.4    -2.7    -0.9     1.5     0.8     2.6     3.3     0.4    -2.5     0.0E   -0.7E    0.0     0.0     1.2     4.2     2.2     5.8     6.9     0.7     2.3     2.8 
 2010  6     5.4     5.6     4.9     4.7     4.9     7.0     6.3     7.7    12.3    11.3E    3.1     4.1E    3.4     5.9     4.5    11.4     4.3     8.1     8.1     5.9E    7.5     8.9     8.2     7.5     5.0     3.8     8.1     7.8    10.5    11.6 -9999.9M
 2010  7    11.7    14.3E   11.8    11.6    13.0    15.8    13.6E   13.3E   14.2    13.2    12.3    14.0    11.3    13.4E   14.4    14.1    11.9    11.4    10.4    12.2    12.7    14.8    15.3    14.5    12.4    11.5    14.0    11.2    11.7    11.0    11.8 
 2010  8    12.2    17.2    16.3    17.1    14.6    11.9     9.8     9.3    11.6E   11.5    12.9    14.9E   15.7    19.3    20.9    20.3    14.7    10.5    10.8    13.1    14.0    17.3    12.3    16.5    16.4    11.1    10.8    11.6    12.1E    8.2     8.7 
 2010  9    11.6     8.5    10.3     6.8     6.4     5.0     7.1     7.0     8.2     5.0     5.0    10.8E   13.4    12.0    10.6    10.0     7.8     6.2     6.5     4.7     5.7     6.2     5.1     5.2     2.7     4.1     5.1     1.8     2.5E    6.2 -9999.9M
 2010 10     4.3E    3.3     5.4     5.7     0.4     5.6     4.1     3.2     2.4     3.1     3.0     2.1     2.1     3.5     2.0     0.3     1.9E    1.4E    0.6     0.9    -1.2    -3.3    -0.2    -1.4    -5.5    -8.0    -1.2     1.8     1.1     0.6    -1.5 
 2010 11    -0.7     0.3     1.7    -0.2    -4.2    -4.5    -0.1    -0.5    -3.4    -3.4     1.6     2.1    -3.0    -3.8    -1.6    -3.6    -5.4E   -5.1    -9.4    -9.6    -6.2    -9.5    -7.6    -3.3    -4.1    -1.5    -2.3    -1.9E   -3.3    -4.0 -9999.9M
 2010 12     0.7     1.8    -2.4    -5.7    -2.3    -0.5    -1.6    -7.1   -15.8   -17.4   -17.1   -19.9E  -21.9   -10.5     0.2    -1.0     0.4    -3.5    -3.7    -2.9    -4.9    -6.5    -9.3   -10.3   -11.0    -9.4   -11.9   -19.7   -15.1    -8.0   -11.0 
 2011  1    -8.7    -3.1   -12.1   -13.6    -4.3    -2.8    -8.0    -9.8    -7.0   -11.7   -18.3   -20.5   -22.8   -15.2   -14.0   -18.8   -23.3   -25.1   -26.6   -25.8   -26.6   -30.6   -22.8   -30.9   -33.2   -27.9   -31.7   -34.6   -29.5   -31.8   -37.3 
 2011  2   -31.6   -31.0E  -30.1   -25.6   -21.3   -24.8   -28.0   -24.2   -26.3   -30.2   -29.8   -26.6   -30.7   -30.8   -25.7   -19.0   -29.9   -25.7   -15.2   -18.5   -23.6   -21.5   -16.4   -16.1   -25.8   -28.4   -23.8   -18.5 -9999.9M-9999.9M-9999.9M
 2011  3   -25.6   -28.8   -29.0   -25.7   -28.8   -29.7   -27.7   -24.7   -18.6   -17.4   -16.5   -25.9   -32.7   -24.8   -18.5   -21.8   -23.9   -27.2   -22.1   -15.8   -24.1   -28.1   -28.6   -23.8   -26.2   -19.3    -7.5    -4.4   -13.7   -13.9   -13.8 
 2011  4   -15.3   -17.9   -18.5   -16.1    -9.4E  -13.7   -20.4   -17.9    -6.2    -5.7   -14.4   -14.8   -13.9E  -20.3E  -19.2   -17.0E  -21.3   -17.9   -14.7   -15.8   -11.8   -10.1   -16.2   -13.5    -9.3   -18.5   -16.1   -11.7    -8.4    -5.1 -9999.9M
 2011  5    -6.2    -2.4    -9.5    -8.1    -4.1     0.9E   -3.3    -9.0    -7.3    -0.6     0.1    -4.8    -4.2E   -3.4    -4.4    -2.7    -3.9    -5.2    -3.9    -4.7    -3.2    -3.4    -3.0    -4.1    -3.1    -2.0     0.7     6.1     0.8    -0.8     0.8 
 2011  6     3.0     1.8E    5.0     5.7E    3.9     3.4     7.3     1.8     3.1     5.8     4.2     8.6    10.9     7.0     7.0E    4.9     7.9    10.3    11.1     9.7    11.1     7.9    11.1    15.7    10.8     9.2    11.3    15.0    10.7E    8.9 -9999.9M
 2011  7    11.0    12.0    12.1    10.0     6.3    10.2    12.8    11.3    10.5    12.2    13.2    12.6    14.6    15.4    14.5    20.7    14.4     9.3     7.7     9.2     9.2    10.5    11.0    14.3    14.0    14.2    15.4    19.0    14.7    12.5    13.1 
 2011  8    15.9    16.2    17.5    18.4    18.1    14.6    10.4    11.7    13.3    19.1    17.8    15.9    12.8    10.1    10.3    10.3     9.1     8.8     9.5    14.9    13.9    13.7    10.8    11.5    11.1    12.5    10.7    10.3     9.4    10.2    11.5 
 2011  9    12.2    11.6     6.3     5.4     6.9    10.9     9.6     5.4     5.7     3.4     4.9     4.1     4.3     2.3     2.8     5.4     6.4     9.7    12.4     6.6     3.7     3.2     5.8     9.5     7.6E    4.0     4.0E   10.7     3.3     1.0 -9999.9M
 2011 10     0.3     5.3     1.8     0.6    -1.9    -3.2     2.8     6.0     6.1     2.3     2.2     1.3    -0.2     5.0     5.4E    7.0     4.3E    2.9     0.4E   -1.6     1.4     3.2    -0.7    -2.8    -1.2    -0.8    -1.1    -4.3    -5.6    -5.1E   -5.0 
 2011 11    -7.1    -2.2    -8.4    -6.9    -0.4    -0.8    -1.7    -1.8    -4.8    -2.2    -0.6    -4.0    -2.6     0.9    -1.6    -5.8    -7.4    -9.8    -8.6E   -7.9    -7.7    -9.5   -13.8   -16.0   -13.0E  -17.1   -11.8E  -14.3    -5.8    -8.5 -9999.9M
 2011 12    -8.1   -10.2    -6.8    -6.9   -12.2   -14.4   -12.9   -13.2   -17.0   -15.5   -19.3   -20.3   -10.9    -7.5   -11.3   -16.9   -17.8   -18.0   -16.3   -18.7   -13.6   -22.7   -21.1   -19.7   -17.0   -20.5   -26.0   -29.1   -27.1   -17.8   -19.1 
 2012  1   -15.8   -13.1   -22.1   -23.2   -26.9   -32.5   -32.3   -30.2   -18.5   -27.1   -30.1   -26.6   -26.8   -27.4   -21.5   -25.0   -32.4   -33.6   -33.6   -24.0   -31.0   -33.9   -37.5   -27.6   -30.2   -33.3   -24.6    -9.8   -12.8   -23.4   -26.7E
 2012  2   -31.2   -31.5   -31.5   -25.3   -17.2   -22.9   -24.1   -28.2   -30.0   -35.5   -38.7   -39.1   -28.8   -22.5   -17.6   -13.6   -17.0   -19.9   -22.6   -18.5E  -25.3   -29.6   -25.2   -21.2   -20.1   -21.6   -26.5   -31.2   -32.6 -9999.9M-9999.9M
 2012  3   -22.6   -24.7   -36.4   -35.9   -31.3   -21.3   -22.9   -23.2   -28.7   -24.4   -14.2   -21.8E  -25.6   -10.3    -0.6    -9.9    -9.2   -11.0   -14.6   -14.9    -2.9    -6.6   -20.0E  -24.5   -25.1   -24.0   -16.9   -11.6   -12.1   -15.1   -16.8 
 2012  4   -19.5   -19.6   -12.2    -8.8   -10.8    -8.0    -7.7    -5.4    -7.7   -10.1   -14.2   -10.8E  -12.6   -18.1   -15.4   -18.2   -15.7   -16.8   -13.9   -15.9   -17.6   -15.1    -5.3    -6.3     1.6    -2.4    -8.4   -10.4    -6.6    -4.8 -9999.9M
 2012  5     1.4     1.3     2.1    -1.9    -4.9    -3.9    -7.4    -7.7    -2.4    -0.5     1.3     3.9     5.7     4.1     3.3E    1.9     1.1     0.2    -1.5     0.3     3.5     0.0    -1.4     0.7     0.0    -2.7    -2.4    -2.1     1.5     3.1     4.9 
 2012  6     5.2    14.2    16.2    14.7    14.0    12.8E   14.9    11.7     4.8     5.9    17.1    11.9     5.8     6.8    15.8    15.9E   17.9    18.2E    9.1     8.1    10.2    11.1    13.9    17.5     9.1     9.8    14.4    17.9    12.9    15.0 -9999.9M
 2012  7    15.5    13.6    13.2    12.8    13.3    15.8E    9.5    11.0E    9.8    11.4     9.2     9.1    13.1    17.3E   12.6    10.0     9.1    11.2    13.7    15.3    17.5    13.8    10.1    12.4     8.4     9.8    13.2    15.5    13.6E   10.9    10.3 
 2012  8    11.0     8.3     8.5    10.0E   11.3    13.4    15.1    11.8    13.1    15.0    15.6    18.2    19.0    17.5    15.0    17.7E   20.7    15.5    13.3    11.7    12.6    12.3    15.1    11.9    12.7    17.2    13.8    10.4     8.4     5.8     7.6 
 2012  9     7.2     9.2     7.4    10.4E   12.2 -9999.9M   15.0    12.0    10.3     7.0     5.4     9.6     6.8     5.5     5.6     7.8     4.8     3.5     2.6     6.3     9.9     7.2    10.0     6.2     6.3     4.8     6.4     6.0     6.9     9.0 -9999.9M
 2012 10     8.8     2.8     2.7     2.2    -1.4    -1.0    -0.1     0.9     1.1     3.2     2.1    -1.1    -2.8    -5.7    -4.4    -3.3    -4.0     0.7     0.9     0.6    -0.3    -2.8    -5.6    -6.2    -3.2     3.6     1.4    -0.7    -2.3    -3.4    -4.4E
 2012 11     2.3     0.6    -5.4    -6.4    -7.0   -11.5    -8.7    -6.5    -2.5    -4.3    -6.8    -1.0    -4.9    -7.8    -4.0    -5.2    -8.3    -5.6    -9.6    -8.4    -1.0    -3.7E  -10.4   -11.0E  -15.2   -15.0E  -13.4   -16.1   -17.6   -18.5 -9999.9M
 2012 12   -11.6   -13.8   -21.4   -16.2   -15.9   -16.3E   -6.3   -11.6   -15.4   -23.0   -22.4   -20.2   -17.7   -25.9   -29.5   -24.3   -14.5    -9.3    -5.6    -7.0   -14.0    -7.2    -7.5    -9.6    -5.4   -10.7   -15.2E  -18.7   -18.9   -20.3   -26.8 
 2013  1   -24.3   -20.8   -28.1   -34.0   -33.5   -31.9   -33.0   -31.8   -26.8   -24.2   -23.5   -14.5   -15.7   -21.5   -26.5   -21.6   -29.5   -30.8   -31.2   -29.3   -26.4   -27.7   -25.8   -20.1   -20.2   -24.3   -24.1E  -26.4   -19.1   -14.0   -21.6 
 2013  2   -25.8   -29.7   -31.6   -31.1   -28.4   -28.7   -28.0   -26.1   -19.4   -24.6   -32.6   -30.5   -20.5   -19.0   -18.6   -23.3   -26.4   -32.0   -31.5   -23.1E  -19.0   -17.1   -21.8   -21.0   -18.9   -12.6   -14.1   -29.7 -9999.9M-9999.9M-9999.9M
 2013  3   -29.5   -17.6    -8.7    -3.6    -6.5    -7.4    -5.4    -8.0    -6.5    -5.1   -20.2   -27.2   -18.4   -13.2   -18.7   -28.8   -30.5   -30.2   -25.3   -14.1    -2.8    -3.9    -4.5    -4.2E  -11.1   -13.4E  -13.4   -19.8   -19.8   -10.8E    0.4 
 2013  4    -1.4    -2.0    -4.4   -11.7   -18.1   -21.4   -20.1   -23.0   -23.4   -23.3   -16.0   -14.9   -14.1   -17.6   -17.9   -15.9   -15.8   -16.7   -22.6   -17.7   -16.3    -6.0    -5.9    -5.5   -10.1    -3.6    -0.6    -1.7E    4.7     5.3E-9999.9M
 2013  5     1.7    -3.4    -3.5    -1.6    -1.0    -2.3    -6.6    -1.8    -9.0   -10.0    -6.5    -3.9    -1.2    -2.7    -0.8    -1.8     0.2     1.6E    7.6     0.8E   -0.2     1.0     1.9    -0.5    -2.4     0.2     3.5     7.7    11.4     4.6     1.2 
 2013  6     2.0     2.8     4.9 -9999.9M-9999.9M-9999.9M-9999.9M   10.1    10.9    10.0    11.4    10.3     5.0     3.2     4.5     3.6     8.9 -9999.9M   11.3     6.8     6.8     5.1     5.6     7.0E    8.3    10.5    10.6    11.0    11.0     8.8 -9999.9M
 2013  7    10.6     9.7     8.9E   13.1    11.7     8.2     7.7    11.6    13.1    15.0    10.4    11.5    16.0    14.9    13.6    15.4    10.8    10.6    10.3     7.9     8.2     7.2     7.2     7.2     9.7     8.7    11.1    18.7    13.1    14.4    15.3 
 2013  8    18.9    15.6    13.8    11.0    10.1    12.7    18.0    17.9    16.5    15.0    11.0    12.1    13.2    11.9    13.4    12.6    13.6     8.0     7.8    11.1    15.2     9.6E   10.8E    8.4     9.0    11.5     3.8     5.3     9.5     5.7     4.9 
 2013  9     5.6     7.7     9.4     6.2     3.7     4.2     3.5     2.8     2.9     2.0     1.3     1.6     1.3     6.1     3.9     1.2     3.3     0.8     0.2     3.5     5.7     1.3     2.1     6.6     9.6    10.5    12.6    13.0    11.8    11.1E-9999.9M
 2013 10    11.8    10.8E-9999.9M    6.5     5.5     1.8     5.3     2.2     0.6E   -1.5    -1.4     2.2     8.7     2.8     0.8     0.8     3.4     3.3     3.8     3.8E    4.2     2.5     0.6    -2.1    -3.1    -3.7    -1.8    -9.2    -8.2   -13.4   -13.5 
 2013 11    -5.4    -5.1    -7.6    -8.1    -5.6    -3.5    -7.3    -5.5    -6.8    -5.3    -6.1   -11.4    -9.4E-9999.9M   -9.5 -9999.9M   -0.2    -5.7    -6.3E   -9.2    -3.8    -9.1   -15.8   -14.9   -23.7   -26.6   -27.6   -20.4   -17.2   -16.3 -9999.9M
 2013 12   -15.4   -19.9   -32.6   -29.4   -14.8   -10.4   -16.1   -16.4   -17.0   -19.4   -21.9   -21.6   -19.2   -20.8   -23.2   -25.7   -21.2   -18.9   -19.9   -24.7   -28.1   -31.0   -30.4   -27.1   -18.7   -21.3   -22.2   -30.7   -33.4   -36.6   -35.8 
 2014  1   -37.3   -33.9   -32.0   -27.9   -27.6   -21.1   -15.0   -18.0   -21.9   -23.3   -27.8   -16.7   -10.0   -11.5   -18.8   -22.5   -23.9   -25.1   -22.0   -17.8   -20.8   -23.0   -24.5   -24.5   -22.9   -21.9   -22.1   -27.7   -27.3   -23.1   -22.3 
 2014  2   -20.3   -21.0   -20.3   -24.9   -24.2   -20.1   -28.8   -28.9   -21.5   -21.0   -24.7   -19.8   -22.0   -29.5   -32.4   -34.4   -29.0   -20.9   -16.7   -24.5   -25.7   -14.3   -15.3   -19.8   -29.6   -34.2   -34.2   -35.7 -9999.9M-9999.9M-9999.9M
 2014  3   -34.9   -38.1   -39.8   -34.8   -23.3   -19.2   -22.0   -23.6   -27.5   -30.9   -29.9   -33.7   -32.0   -32.7   -32.3   -24.0   -23.4   -24.6   -25.7   -23.4   -21.1   -22.2   -24.2   -23.5   -23.8   -27.8   -27.0   -21.3   -19.4   -12.5   -14.8 
 2014  4   -19.7    -5.8   -15.2   -22.2   -16.3   -10.4   -12.2   -18.7   -17.1   -15.8   -17.2   -19.3   -21.1   -19.2   -14.8   -17.2   -13.9   -14.1   -14.7   -11.4   -10.4   -12.7    -8.6    -6.7    -9.8   -12.4   -15.0   -15.4   -12.3    -7.6 -9999.9M
 2014  5    -5.6    -3.1    -1.1    -0.5    -1.3    -1.1    -0.4    -2.1    -2.5    -4.0    -3.5    -3.3     0.1     3.8    -0.5    -1.2     3.5     2.8     2.2    -0.7     2.0     5.4     7.4    10.4     8.1     7.1    10.5     6.1     4.9     6.2     9.8 
 2014  6     6.1     3.2     7.5     8.9     5.7    10.7    15.9     6.5     6.0     9.3E   11.1    20.3    18.6     9.8    10.1    13.2    11.8     7.9     8.4     9.8    14.1    15.4    10.5    10.4    11.4    13.2    18.6    18.8    15.7     9.3 -9999.9M
 2014  7    11.9    10.4     8.5     9.1     8.6     9.9     8.0    10.0    10.9     6.3     7.5    10.4    10.7    10.3    11.1    12.2    15.4    16.7    20.8    22.1    18.9    12.7     9.8    10.7    10.2    10.4    10.1    11.4    11.7     9.4    13.3 
 2014  8    16.7    16.9    16.9    15.3    14.9    15.9    13.5    17.7    12.1    12.0    16.1    13.1    13.3    14.3    18.8    19.6    13.2    12.8    14.0    16.6    20.6    21.9    21.0     9.3     7.0     9.7    10.0    10.8    15.9     9.4     9.1 
 2014  9     9.1    12.8     6.8     7.8     7.3     6.9     7.7     6.8E    8.5     5.1     6.2     2.7     4.8     6.9     5.2     3.2     0.8     1.2     2.3     3.0     2.3     2.6     1.1     5.9     4.8     2.5     0.6    -1.7    -0.3    -3.4 -9999.9M
 2014 10    -3.0     4.2    11.0    11.7    11.7     5.0     5.7     9.5     3.0    -0.7     0.4     1.6     6.1     4.5     2.0     4.4     0.6    -1.3    -0.9    -2.9    -2.0     3.2     3.5     0.4     1.2     3.1     2.2     1.3     0.4    -0.1E   -4.0 
 2014 11    -5.3    -6.1    -6.1    -6.3    -2.2    -2.1    -8.0    -7.3    -4.8    -7.1    -6.2    -7.7   -10.4   -12.2    -7.9   -11.8   -13.9   -12.6   -12.1   -15.8   -14.0   -17.1   -18.0   -11.0   -14.9   -14.2   -12.9   -15.3   -19.2   -17.5 -9999.9M
 2014 12   -18.5   -17.2   -21.1   -21.1   -22.8   -22.6   -21.3   -25.9   -30.0   -23.1   -12.3    -9.7    -9.1   -11.6   -22.2   -27.0   -22.4   -16.9   -19.7   -13.0    -8.9   -12.8    -8.6    -6.5    -5.8    -5.6   -10.8   -16.2   -22.4   -25.6   -25.7E
 2015  1   -28.5   -30.2   -31.3   -37.7   -39.0   -34.1   -30.3   -23.3   -27.0   -28.3   -32.0   -33.4   -23.7   -24.7   -30.0   -37.2   -34.7   -34.5   -36.8   -37.0   -32.3   -28.0   -29.8   -28.2   -29.7   -34.3   -22.8   -18.9   -25.7   -30.4   -32.0 
 2015  2   -35.9   -34.7   -32.8   -30.6   -33.5   -37.8   -38.4   -35.6   -29.3   -31.5   -35.8   -41.7   -42.4   -40.8   -36.3   -31.8   -31.7   -34.9   -35.2   -32.8   -31.4   -32.0   -34.4   -32.1   -28.5   -32.5   -33.8   -33.4 -9999.9M-9999.9M-9999.9M
 2015  3   -17.9   -27.0   -34.1   -29.7E-9999.9M  -31.4   -32.8   -34.7   -32.8   -31.5   -28.9   -28.1   -27.6   -25.7   -18.9   -14.4   -23.5   -23.1   -22.4   -14.6   -28.7   -29.2   -23.6   -21.9   -26.8   -29.3   -23.7   -18.4   -20.2   -17.7   -24.4 
 2015  4   -26.0   -25.5   -11.6   -19.6   -22.7   -21.1   -20.0   -21.3   -15.7   -12.0   -18.6   -14.0     2.4    -7.2   -15.0   -13.4   -14.3   -10.1   -10.2    -8.6    -1.9     3.5     3.4     2.3     2.5     3.1     3.3     5.6     7.4     2.2 -9999.9M
 2015  5     2.2     5.3     8.1     1.7    -2.2    -3.6    -3.2     1.3    -0.2    -5.1    -3.3    -2.4    -3.1     0.9     2.1     6.7     2.6    -4.0    -0.4     0.9     2.7     1.2    -0.3    -1.5    -1.7    -2.4    -0.1    -2.1    -0.5    -1.2     0.5 
 2015  6     6.7    10.8     7.1     2.8     2.4     1.3     6.6     9.5     6.7E   10.5     7.2     3.9     5.7     9.5    11.3     2.5     4.9     5.3     4.0     4.2     6.8     9.4     7.3     8.9    11.1    13.8     8.7    10.0     6.0     6.7E-9999.9M
 2015  7     8.1E   10.9     9.6    11.4    15.8    14.9     9.6    12.1     9.1    12.1    14.9     8.3     9.8     8.6     5.5     6.6    10.2    14.5    19.6    15.1    14.3    13.9    14.9    17.7    18.0    16.9    18.3    14.8    18.6    22.4    16.6 
 2015  8    13.1    12.3    16.7    12.4     9.0     7.3    12.0    14.7    16.9    14.3    10.4    11.4    16.4    13.3    11.9    11.7    10.7    11.8    10.7    11.1    15.9E    9.8     8.4    17.1    18.7    16.3     9.7     9.9     7.9     7.1     8.0 
 2015  9     8.0     6.2     7.0     8.1     4.8     6.2     4.1     5.6     8.2     8.3     8.9     6.5     8.2     8.7     4.1     3.3     3.9     3.6     4.9     4.5     7.6     9.9     3.9     2.4     2.3     4.4     8.9     5.0     5.1E    5.8E-9999.9M
 2015 10 -9999.9M    1.8     8.1     5.4     5.4     7.0E-9999.9M   -1.2E    0.0    -2.8    -6.4    -5.8    -2.3    -4.5    -5.5    -4.4    -3.6    -6.9    -1.9    -4.6    -4.4    -7.0    -4.2    -0.7    -6.1    -7.9    -6.7    -3.9    -5.1E   -5.2E-9999.9M
 2015 11    -6.8E   -6.3    -2.4    -5.5    -8.4    -2.5    -5.4   -14.4   -13.4   -12.6   -12.3   -13.1    -9.1    -4.2    -4.6    -7.2    -9.9    -1.5     2.9     1.2    -3.7    -8.7   -15.0   -11.8   -13.8 -9999.9M-9999.9M-9999.9M-9999.9M-9999.9M-9999.9M
 2015 12 -9999.9M-9999.9M-9999.9M-9999.9M-9999.9M-9999.9M-9999.9M-9999.9M-9999.9M   -2.5    -5.6    -7.4   -16.5   -17.1   -16.2   -15.5   -16.6   -15.2   -11.4   -24.3   -29.2   -30.1   -20.6    -2.9   -15.5   -24.2   -25.1   -25.7   -21.8   -16.8   -14.2 
 2016  1   -16.6   -27.2   -28.4   -25.5   -15.9   -19.5   -19.2   -18.9   -10.0    -4.9    -8.7   -20.8   -27.7   -21.9   -19.4   -17.0   -12.8    -8.9   -12.8   -19.4E  -22.5   -27.5   -25.8   -27.3E-9999.9M  -24.7   -36.0   -38.2   -40.7   -32.8   -24.0 
 2016  2   -21.3   -27.6   -32.4   -32.0   -31.8   -32.6   -29.5   -30.8   -27.9E  -20.4   -29.0   -31.0 -9999.9M-9999.9M-9999.9M-9999.9M  -24.2   -22.2E  -22.3   -13.7   -26.5   -29.8 -9999.9M-9999.9M-9999.9M-9999.9M-9999.9M-9999.9M  -32.9 -9999.9M-9999.9M
 2016  3   -30.3   -29.4   -28.2   -22.8   -18.8   -14.3   -18.9   -28.0   -23.4   -21.1   -24.1   -21.6   -23.8    -7.4   -11.6 -9999.9M-9999.9M-9999.9M-9999.9M-9999.9M-9999.9M-9999.9M  -31.1   -25.7   -25.6   -26.5   -20.9E  -20.1   -14.8   -16.1 -9999.9M
 2016  4 -9999.9M-9999.9M-9999.9M  -26.2   -25.8   -25.4   -25.5   -27.1   -20.4   -20.5   -20.1   -18.5 -9999.9M-9999.9M-9999.9M-9999.9M  -12.3   -11.3   -14.7    -2.6   -11.9   -17.9   -19.4   -20.1   -13.9   -12.1    -9.9    -9.4    -3.6    -2.4 -9999.9M
 2016  5    -5.4    -2.8     2.2    -2.3    -4.4    -8.4    -5.6    -6.1E   -5.6    -6.1    -1.1E-9999.9M    2.8     3.4     4.9     6.9     5.1     2.0     1.4    -1.8    -1.2     1.1     2.1    -0.6    -1.3     2.9 -9999.9M    2.3     3.3     0.3    -1.7 
 2016  6     1.8E    1.4E    3.5E    4.9     3.8     3.3E    2.5 -9999.9M-9999.9M-9999.9M-9999.9M    6.9     9.8    10.8    10.8    11.9    11.9    14.2     9.7    10.1     5.8     4.8     7.0     6.9     8.1    10.9    10.4    10.3    13.2E-9999.9M-9999.9M
 2016  7 -9999.9M   11.8     8.9     9.1     9.3    13.3    13.7    15.7    14.6    14.4    16.0    16.4    17.3E   14.5E    9.8    11.8    17.6    11.8    11.7    13.7E   14.4E-9999.9M   14.4E   14.1    16.8    17.6    14.8    11.5    11.3    12.0    12.9 
 2016  8    16.1    18.6    22.7    18.7    16.0E   13.7    11.0     9.8    15.5    10.3E-9999.9M   10.7E   11.5    11.2E   11.9    11.9E   12.5    14.4    17.1    10.1    10.4    10.2    10.1     8.3     8.6     9.2     8.3     8.4     8.4     8.6E-9999.9M
 2016  9     7.5E    7.5     7.6    14.9     6.5     6.6E    7.2     6.1     9.1     9.9E    6.9     8.6     7.3     6.4     6.6     4.8     0.2     2.2     5.5E-9999.9M    7.7     4.9     4.4     3.3     3.5     4.7     3.5     6.9     5.5E    5.6 -9999.9M
 2016 10     4.4     2.9     2.7     5.4     2.5E    0.5     0.3    -0.4    -1.8E-9999.9M   -0.9E   -1.7    -1.9E   -2.1E   -4.2E   -2.1    -4.4    -3.6    -2.7    -3.2    -4.2    -4.2E   -2.9    -7.0   -10.9    -7.0    -4.7    -2.9    -3.6    -4.7    -8.2 
 2016 11    -4.5    -2.7E-9999.9M   -2.9E   -4.0E   -0.6     1.1    -4.7    -7.4    -7.7    -7.8    -8.6   -17.6   -11.2E   -9.2    -6.0     1.0    -2.6    -5.8    -8.4   -10.7    -9.8   -12.8    -7.8    -6.7   -11.9   -21.2   -19.2   -22.9   -24.6 -9999.9M
 2016 12   -20.0E  -20.5   -10.0    -6.8    -8.3 -9999.9M-9999.9M-9999.9M-9999.9M-9999.9M-9999.9M-9999.9M-9999.9M-9999.9M-9999.9M-9999.9M-9999.9M-9999.9M-9999.9M-9999.9M  -31.7E  -35.5   -35.7   -36.6   -26.9   -18.6   -27.4   -24.8E  -17.4   -13.8   -20.1 
 2017  1   -21.1   -22.7   -26.7   -25.0   -12.4   -11.2   -20.8   -26.4   -29.9   -26.7   -15.2   -21.5E  -25.2   -27.0   -26.3   -32.7   -26.9   -11.0   -16.4   -13.5   -20.9   -30.0   -26.6   -23.0E  -11.6    -7.2    -5.5   -10.3   -17.7   -24.9   -31.4 
 2017  2   -26.8   -32.7   -38.4   -39.2   -42.0   -37.0   -27.8   -25.3   -30.6   -36.7   -33.1   -33.2   -23.5   -22.4   -23.2   -23.7   -15.9   -20.2   -26.8   -25.2   -16.8   -17.3   -28.9   -32.2   -27.0   -14.2   -19.9   -24.4 -9999.9M-9999.9M-9999.9M
 2017  3   -30.8   -31.0E  -34.5 -9999.9M-9999.9M-9999.9M-9999.9M   -1.2   -15.1   -25.3   -18.5   -21.4   -23.2   -18.6   -20.7   -24.6   -21.6   -17.8   -15.3    -8.5   -20.1   -22.5   -18.6   -15.8   -22.0   -21.9   -19.8   -15.5   -20.5   -18.2   -11.7 
 2017  4   -10.6   -16.4   -17.8    -6.1     1.4    -1.9    -4.1    -3.5    -2.6    -8.0E   -8.6   -10.6   -14.8E  -18.9   -21.6   -21.3 -9999.9M-9999.9M-9999.9M-9999.9M-9999.9M-9999.9M   -6.1   -10.6   -15.2   -17.6   -11.3E   -3.2    -6.2   -10.9 -9999.9M
 2017  5    -4.9    -9.6    -8.0   -11.9   -13.3   -12.2     0.4     5.0     4.3     4.9     6.6     7.2E    8.4     8.1     5.4E    2.9E-9999.9M-9999.9M-9999.9M-9999.9M-9999.9M    2.6     1.0     2.2     6.2     6.0E    3.5     9.3E   11.3    15.7    15.6 
 2017  6    15.7    14.6     7.3     8.6    10.6     9.2E   10.1     8.2E    3.2E-9999.9M    4.9E    7.0     6.8     6.8     6.9E   14.1    11.0    10.2     9.0    10.9E   10.7    11.2    12.3     7.5     6.2     6.2     4.5     6.7     8.5     8.8E-9999.9M
 2017  7    13.5E-9999.9M   13.2E   14.1    12.3E   12.2    12.7    10.4     8.2    11.0     7.4    11.7    12.0    10.5     9.1    13.8    17.7    13.4    10.3    11.9E   11.1E-9999.9M    9.4    14.2    16.9    16.2E   13.4E    9.9    10.8    16.3    10.8 
 2017  8    13.9    11.7    10.2     9.6     9.5    10.5    10.5     9.7     9.5    10.5E-9999.9M   10.5E   10.7    10.2     9.8    11.1    11.8    13.0    16.3     8.3     9.3     8.5     9.4     7.1     9.3    10.2    11.9    15.4E   10.2E    4.5     8.2E
 2017  9     6.4E-9999.9M   12.1    12.2     6.7     6.1     6.4     6.4     9.5     8.0    14.6    10.4     8.5     5.9     5.1     5.4     5.7     8.3     8.1     8.1E    8.0E-9999.9M    4.1     2.5     1.9     0.4     3.7     1.2     4.5     3.6 -9999.9M
 2017 10    -0.3     0.6     4.4E    0.6     1.3    -0.2    -0.8     0.9     2.9     3.1E-9999.9M-9999.9M-9999.9M-9999.9M   -0.8    -0.2    -0.1    -0.3     4.3    -0.9    -3.6     0.2     7.2     1.8     5.9    -2.5    -3.6    -3.8    -2.6    -5.6    -1.6 
 2017 11    -4.6    -4.3E-9999.9M-9999.9M   -8.0E   -7.7    -7.4    -8.1 -9999.9M  -17.7   -14.4    -6.2   -10.0    -6.1    -8.1   -13.0E  -16.9   -11.7E   -7.5E   -1.8    -9.0   -11.5   -13.8   -18.6   -17.6E  -15.1   -11.3   -12.8E   -6.8   -10.2 -9999.9M
 2017 12   -10.8E-9999.9M-9999.9M   -3.5    -3.6E-9999.9M-9999.9M  -12.0   -18.9   -22.4   -22.2   -22.2   -21.3E  -21.2E  -11.1   -13.4   -17.3   -23.2   -15.9   -15.4   -23.1   -26.1   -24.1   -24.8E  -32.7   -30.9   -18.3   -30.2   -35.0   -33.3E  -33.0E
 2018  1 -9999.9M  -37.9E  -36.0E  -43.6   -38.8E  -32.0E  -30.3   -30.5   -25.3   -24.4   -24.8   -30.3   -29.9   -24.7   -23.5   -23.4   -22.1   -31.6   -33.5E  -25.7   -23.1   -28.4   -31.5   -31.5   -27.0   -25.0   -22.2   -27.3   -24.5   -27.8   -33.1 
 2018  2   -26.5   -33.4   -36.9   -30.3E  -31.5E-9999.9M  -28.9E  -34.7   -28.0E  -26.9   -27.6   -26.8   -24.9   -24.2   -34.9   -36.9E  -28.5   -25.8   -35.8   -28.2E-9999.9M-9999.9M  -20.5   -26.5   -16.1   -10.5   -14.5   -18.8 -9999.9M-9999.9M-9999.9M
 2018  3   -23.0   -14.7    -9.3    -8.8    -7.8   -10.4   -11.6   -11.9   -13.6   -14.7E-9999.9M-9999.9M  -14.4E-9999.9M  -12.6E  -16.6   -11.0   -13.3   -15.3E  -15.3   -18.6   -20.3   -26.9   -25.3   -11.5   -12.7E  -11.4E   -8.1   -13.6E  -21.2   -26.2 
 2018  4   -27.2   -23.7E  -22.5   -24.7   -23.9   -18.0   -14.1   -12.2   -19.3   -19.4   -10.0   -15.2E  -24.9   -19.8   -15.7   -15.5   -13.9   -12.2    -9.2    -8.8   -10.3    -6.5E-9999.9M-9999.9M  -10.3 -9999.9M-9999.9M  -13.3E-9999.9M  -12.0E-9999.9M
 2018  5   -15.6   -16.5   -12.7    -3.1    -6.0    -9.9    -7.3    -5.6    -7.6    -5.9   -10.1    -9.7    -8.6    -9.3   -10.3    -8.4E   -8.1    -7.4    -7.2    -6.1    -6.8    -6.3    -6.3    -4.6    -4.7E   -4.7E-9999.9M   -0.7E   -0.6     3.9    -1.0 
 2018  6    -3.3    -2.3E   -1.1    -1.3    -1.1     1.7     4.0    -0.3     1.3     2.6     2.5     1.3     2.8     6.2     4.1E-9999.9M    6.5E    5.2     6.7     4.2     4.8     3.1     3.0     4.6     6.6     6.0     5.1     6.1     7.9     7.1 -9999.9M
 2018  7     8.4    10.1     9.2E    8.8     8.0    10.0    12.9    12.1     7.2     8.4    11.2    15.3    18.1    10.8     9.2     8.5     8.5 -9999.9M-9999.9M-9999.9M   13.1    16.4    16.4 -9999.9M-9999.9M   12.9    11.9    15.6    17.7    13.2     8.9 
 2018  8     9.2    11.1    10.6 -9999.9M   21.3    13.6    11.6 -9999.9M-9999.9M-9999.9M-9999.9M   11.8     8.7     7.9    11.1    12.0     9.2    10.6     9.9 -9999.9M-9999.9M-9999.9M    9.2     6.1     5.9     6.8     8.3 -9999.9M-9999.9M-9999.9M-9999.9M
 2018  9    11.2     7.3     9.8     5.9     5.7     5.4     5.8     4.2     4.5     6.9     8.1     8.0     4.5     4.4     4.9     3.6 -9999.9M-9999.9M    4.4     2.0     1.6    -1.4    -2.4     1.4     2.7     2.7     1.2     0.2     0.9     0.6 -9999.9M
 2018 10     1.1     0.4     2.2     3.3     0.1     0.5 -9999.9M-9999.9M   -1.2    -2.0    -3.7    -4.4    -2.2    -2.0    -4.0    -6.8    -5.8   -11.3   -11.8   -11.3    -7.8 -9999.9M  -12.3   -10.6    -8.3   -11.2    -7.4    -6.8    -7.6    -4.9    -5.7 
 2018 11    -4.5 -9999.9M-9999.9M-9999.9M-9999.9M   -3.9    -3.8    -2.4    -8.3   -14.3    -7.6   -12.3   -12.4 -9999.9M  -13.7   -17.3   -17.4   -18.6   -22.5   -19.6   -22.0   -22.4   -17.1   -12.3    -9.6    -6.0   -12.3   -17.5   -18.6   -18.0 -9999.9M
 2018 12   -11.7   -11.3   -12.2   -14.6   -14.3   -17.4   -18.4   -23.9   -32.4 -9999.9M  -29.8 -9999.9M-9999.9M-9999.9M   -7.6    -5.7 -9999.9M  -12.1   -12.7 -9999.9M-9999.9M-9999.9M-9999.9M-9999.9M-9999.9M-9999.9M-9999.9M-9999.9M-9999.9M-9999.9M-9999.9M
 2019  1   -30.3   -27.9   -32.9   -25.1   -28.8   -29.0   -22.1   -18.1   -11.9   -12.2   -16.3   -23.4   -18.3   -18.1   -26.0   -33.0   -35.4   -38.9   -30.8   -30.0   -27.4   -21.2 -9999.9M  -23.9   -26.9   -30.8   -34.6   -39.5   -38.0   -30.8   -11.4 
 2019  2   -17.3   -17.2   -19.7   -25.6   -29.8   -31.2   -32.9   -31.6   -25.3   -29.2   -26.6   -23.2   -27.1   -30.2   -22.4   -17.9   -23.6   -24.0   -28.7   -27.3   -25.6   -23.1   -23.7   -19.5   -15.4   -20.3   -30.7   -29.5 -9999.9M-9999.9M-9999.9M
 2019  3   -22.3   -22.7   -23.3   -23.9   -32.0 -9999.9M-9999.9M-9999.9M-9999.9M-9999.9M-9999.9M-9999.9M-9999.9M-9999.9M-9999.9M   -8.4 -9999.9M  -29.1   -17.9   -23.3   -14.0   -24.7   -17.5   -24.3   -21.6 -9999.9M  -13.0 -9999.9M  -22.2   -23.3   -23.1 
 2019  4 -9999.9M  -10.1    -8.4   -16.5   -22.0   -20.6   -19.3   -11.4   -14.2   -19.7 -9999.9M  -18.4   -16.9   -12.3   -11.9   -11.0    -9.0    -1.7    -6.0    -1.9    -5.9   -14.8   -14.2   -12.8 -9999.9M-9999.9M-9999.9M   -3.5   -10.9   -10.6 -9999.9M
 2019  5 -9999.9M  -13.4   -10.4    -1.9    -0.1     2.1    -0.1    -1.9     0.4     3.7     0.4     2.7 -9999.9M    6.4 -9999.9M    7.0 -9999.9M-9999.9M    8.9 -9999.9M    6.9     5.5     3.7    -0.3     4.6     4.9     4.3     5.3     9.4     5.3     4.2 
 2019  6     4.7     5.9     5.3     3.4     4.5     3.6 -9999.9M-9999.9M-9999.9M-9999.9M   16.1     3.1     5.5 -9999.9M   11.8    12.5    10.1    12.0    12.1    13.6    13.6     6.9     8.0    12.0 -9999.9M-9999.9M-9999.9M-9999.9M-9999.9M-9999.9M-9999.9M
 2019  7    15.4    14.8    15.6    16.9    16.6    13.2    12.1     9.5    12.6    15.4    14.2    14.2    15.3    17.2    13.4    11.6    12.7    16.0 -9999.9M   11.1     8.8    13.4 -9999.9M-9999.9M   11.1    11.3    10.0    10.0    11.0    14.8    14.6 
 2019  8    12.9    12.5    10.5    10.4    13.7    16.4 -9999.9M   19.8 -9999.9M   16.2    14.9     9.2 -9999.9M-9999.9M-9999.9M    8.8     9.3    11.4    13.1     9.5     9.9     8.9     9.7     9.2    15.7    17.7    18.5    18.5    15.3    14.5     6.6 
 2019  9     6.1     4.6 -9999.9M-9999.9M-9999.9M-9999.9M    7.9 -9999.9M    6.7     6.3     7.7     6.1     6.4     9.1     6.3     5.9     9.9    10.7    11.4 -9999.9M    6.9     7.8 -9999.9M-9999.9M-9999.9M    5.8 -9999.9M    5.4 -9999.9M    2.2 -9999.9M
 2019 10     2.6     2.2     2.1     2.2     4.6     5.1     5.8     3.0     6.7     9.9     5.0     8.9 -9999.9M-9999.9M-9999.9M    3.4     2.9     0.4    -1.8     0.8     1.8     4.8     6.0     4.7     0.4    -1.1    -1.6     1.4    -0.5    -1.4    -5.1 
 2019 11 -9999.9M   -6.0    -5.3    -6.0 -9999.9M-9999.9M-9999.9M-9999.9M  -11.6   -10.3    -9.4   -12.0    -9.6    -9.1   -13.4   -17.7    -7.4    -3.8    -5.8    -5.6    -3.9    -5.2    -5.1    -4.6    -5.7    -6.9    -5.8    -8.9   -10.0    -9.1 -9999.9M
 2019 12    -5.1    -6.9    -8.5 -9999.9M-9999.9M-9999.9M-9999.9M-9999.9M-9999.9M-9999.9M-9999.9M-9999.9M-9999.9M-9999.9M-9999.9M-9999.9M   -9.4   -13.7   -10.6   -22.0   -25.7   -17.6   -18.1   -15.1   -17.1   -12.0   -12.7   -17.0   -23.9   -24.0   -15.2 
 2020  1   -11.0    -9.0   -12.2   -18.9   -33.8   -29.7   -24.8   -28.6   -29.8   -29.4   -28.1   -28.5   -25.5   -19.8   -25.0 -9999.9M  -24.7   -21.9   -21.2   -21.5   -28.1   -15.0   -21.7   -24.8   -13.8   -25.1   -32.0   -21.7   -24.6   -14.6   -15.2 
 2020  2   -17.0   -14.6   -11.1   -15.6   -26.4   -32.5   -27.2   -26.6   -24.2   -27.6   -24.1   -29.0   -31.1 -9999.9M-9999.9M-9999.9M-9999.9M-9999.9M-9999.9M-9999.9M  -22.6 -9999.9M  -33.1   -35.0 -9999.9M-9999.9M-9999.9M  -26.8   -20.7 -9999.9M-9999.9M
 2020  3   -21.5   -18.5   -16.1   -18.1   -24.6   -23.4   -19.5   -30.6 -9999.9M  -31.0   -32.3   -27.6   -21.9   -24.3   -26.8   -15.2   -15.0   -21.9   -24.1   -26.7   -27.1   -19.9    -9.5   -10.9    -8.8   -11.8   -20.9   -20.7   -12.2   -16.9   -14.9 
 2020  4    -9.9    -8.1 -9999.9M-9999.9M-9999.9M-9999.9M-9999.9M-9999.9M   -6.4    -6.1    -9.9    -9.9   -10.4    -9.2    -9.3   -11.8   -15.1   -22.9   -25.4   -21.3   -22.5   -21.1    -9.4    -6.3    -7.1    -7.2    -0.9     1.9 -9999.9M    2.8 -9999.9M
 2020  5    -1.2    -4.2    -9.2    -9.7 -9999.9M-9999.9M-9999.9M-9999.9M    0.2    -0.4    -3.7    -5.3 -9999.9M-9999.9M   -2.3     0.3    -3.7    -1.9     4.5     3.7    -2.9    -2.7    -1.4     1.4     4.5     0.7 -9999.9M-9999.9M-9999.9M-9999.9M   -0.2 
 2020  6    -0.6     2.5    -0.4     4.0     3.5     4.9     1.6     1.0     2.6     5.8 -9999.9M    2.3     5.3     8.1     4.7     7.0 -9999.9M-9999.9M-9999.9M   11.1    15.0    16.2    15.4    16.1    14.0    13.8    16.2    17.4    20.7    16.1 -9999.9M
 2020  7    11.7    12.0    13.3    13.7    13.7    17.1    18.7    16.6    16.4 -9999.9M-9999.9M-9999.9M-9999.9M   15.0    21.9 -9999.9M-9999.9M   12.5    13.8    14.7 -9999.9M-9999.9M-9999.9M-9999.9M   10.3    13.5    14.9    15.5    17.4    16.6    17.7 
 2020  8 -9999.9M-9999.9M-9999.9M-9999.9M   15.0    14.7    16.9 -9999.9M   17.6    21.0 -9999.9M-9999.9M   11.2    13.6    17.3    19.8    17.6 -9999.9M-9999.9M-9999.9M-9999.9M-9999.9M-9999.9M-9999.9M-9999.9M-9999.9M    8.1     7.6 -9999.9M   10.5     9.2 
 2020  9    12.6    12.4    12.2 -9999.9M-9999.9M-9999.9M    9.9 -9999.9M    6.4 -9999.9M    7.4     7.6 -9999.9M-9999.9M-9999.9M-9999.9M-9999.9M    5.0     1.9     6.8    12.5    10.5     5.5     3.6     2.3     3.1     4.7     3.3     3.7     3.9 -9999.9M
 2020 10     0.6     0.5 -9999.9M-9999.9M-9999.9M-9999.9M    0.0     0.0 -9999.9M   -0.3     0.5     1.8 -9999.9M-9999.9M-9999.9M    2.5     0.3 -9999.9M-9999.9M-9999.9M   -1.9    -1.0 -9999.9M-9999.9M-9999.9M-9999.9M   -5.7    -6.1 -9999.9M   -5.9    -6.6 
 2020 11    -6.9   -14.7 -9999.9M   -9.4    -5.2 -9999.9M  -17.1   -10.7    -5.9   -12.6   -10.1   -12.7   -12.3   -16.8   -12.6    -2.8    -5.1    -7.8    -9.0 -9999.9M-9999.9M-9999.9M-9999.9M-9999.9M   -9.8 -9999.9M-9999.9M-9999.9M-9999.9M  -15.5 -9999.9M
 2020 12 -9999.9M-9999.9M-9999.9M-9999.9M-9999.9M-9999.9M  -14.5   -15.2   -17.7   -11.1   -11.2   -15.3   -17.8   -17.6   -18.8   -25.3   -19.0   -13.2   -11.5    -9.5    -9.2   -17.5   -17.1   -17.8   -18.1    -6.3   -15.3   -19.9   -17.5   -15.9   -20.6 
 2021  1   -18.6   -17.5   -14.8   -16.6    -6.2 -9999.9M-9999.9M-9999.9M-9999.9M-9999.9M-9999.9M-9999.9M  -12.9   -11.5    -9.6   -16.2   -23.3   -19.0   -22.3   -23.5   -23.9   -20.6   -17.4   -13.6   -12.7   -16.6   -23.7   -30.2   -30.1   -30.3   -28.1 
 2021  2   -25.0   -24.9   -19.0   -13.0    -7.6    -3.7   -16.4   -26.1   -23.2   -21.3   -18.2   -21.0   -24.9   -26.0   -23.8   -27.8   -29.0   -24.3   -22.5   -18.8   -12.8    -5.6    -6.6   -16.7   -28.1   -21.7   -25.9   -28.1 -9999.9M-9999.9M-9999.9M
 2021  3   -22.0   -32.4   -25.8   -12.2    -9.5   -13.2   -23.3   -19.1   -14.7   -26.1   -23.2   -22.0   -28.5   -31.2   -29.6   -25.8   -17.7   -22.6   -22.6   -20.8    -2.7    -5.2   -15.9   -25.3   -29.4   -30.4   -24.2   -12.9 -9999.9M-9999.9M  -12.3 
 2021  4   -23.0   -25.6   -18.1   -15.9   -13.3    -7.8    -0.3    -7.0   -10.1    -6.2    -0.2     2.7 -9999.9M-9999.9M-9999.9M-9999.9M   -3.6    -5.3    -3.1    -5.0    -8.3    -4.0    -2.1    -5.6   -11.6   -14.8   -12.8     0.2    -0.2     2.1 -9999.9M
 2021  5    -2.3    -1.3     1.2     1.5     3.6 -9999.9M-9999.9M    3.7     2.7     3.0     3.2     2.1    -2.0     1.1    -1.1    -0.9     4.4    -1.4     6.1     5.7     1.6    -0.9    -1.9     1.6    -1.2 -9999.9M-9999.9M-9999.9M    1.8    11.1    11.3 
 2021  6     1.8     1.6     4.3     0.2     0.6     3.1     2.1     1.7     3.2     4.8 -9999.9M-9999.9M-9999.9M-9999.9M-9999.9M-9999.9M-9999.9M-9999.9M-9999.9M-9999.9M-9999.9M    7.3 -9999.9M-9999.9M   10.6     7.1     7.1    11.0    10.2    10.6 -9999.9M
 2021  7    11.8    11.2 -9999.9M-9999.9M-9999.9M-9999.9M-9999.9M-9999.9M-9999.9M-9999.9M-9999.9M   13.5    18.9 -9999.9M-9999.9M-9999.9M-9999.9M-9999.9M-9999.9M-9999.9M-9999.9M   12.4 -9999.9M-9999.9M-9999.9M-9999.9M-9999.9M-9999.9M-9999.9M-9999.9M-9999.9M
 2021  8 -9999.9M-9999.9M   12.8    10.6     9.0     8.8 -9999.9M   12.1 -9999.9M-9999.9M   17.7    19.3    10.7    10.5    14.0    12.3     9.8    11.0    10.9     9.2    10.9    16.8    11.0    10.8     6.2     8.3    11.1    11.6    12.0    11.2     8.4 
 2021  9     4.1     7.7     9.7    10.9    13.6    14.7     9.3     7.8     7.2     4.9     3.6     3.5     1.9     3.2     3.7     6.8     9.9     4.8     4.6    10.6     8.4     4.0     1.9     3.4     9.9    11.8     8.1     5.9     4.2     4.4 -9999.9M
 2021 10     4.2     4.6     3.6     6.2     9.4     5.2     2.1     4.2    11.5     8.4    11.7    10.1 -9999.9M    2.4     4.4     5.1     6.2     5.4     4.9     4.6     3.9     0.8    -0.2    -0.3     1.1     0.6    -1.0     3.3     4.3     3.8     2.8 
 2021 11     0.2    -2.8    -3.8 -9999.9M   -2.8   -12.5   -14.5    -8.3    -6.3    -7.4    -4.6    -5.1    -6.6    -7.2    -8.6    -4.2    -4.6    -6.7    -8.7    -9.1    -4.3    -3.1    -4.5    -5.3    -6.3    -7.2    -6.4    -8.5    -8.2   -17.8 -9999.9M
 2021 12   -17.6   -15.7   -19.0   -15.9   -13.6   -15.2   -12.9   -14.3   -20.0   -18.6    -9.3    -8.8   -10.6   -11.9   -11.7    -6.7    -4.3   -13.0   -19.7   -17.3   -23.9   -21.8   -19.7   -16.1   -14.4   -15.8   -15.3   -18.3   -14.6   -15.0   -18.2 
 2022  1   -18.4   -23.3   -21.8   -21.4 -9999.9M-9999.9M  -25.1   -24.3   -19.4 -9999.9M  -27.0   -28.6   -36.4   -35.3   -27.8   -20.0   -26.2   -36.6   -32.2   -28.0   -19.4   -19.5   -28.7 -9999.9M  -30.7   -24.6   -19.1   -26.0   -25.9   -30.5   -30.0 
 2022  2   -21.0   -17.6   -30.4   -29.0   -30.0   -31.1   -29.9   -18.1    -9.2   -16.8   -31.3   -32.3   -29.1   -28.4   -29.7   -25.1   -26.9   -34.1   -33.7   -29.1   -29.7   -29.7   -33.9   -33.1   -27.6   -25.4   -29.9   -27.4 -9999.9M-9999.9M-9999.9M
 2022  3   -29.5   -32.0   -27.8   -23.5   -20.6   -16.4   -17.9   -21.9   -18.1   -23.7   -24.4   -21.6   -26.3   -25.3   -25.8   -22.0   -15.5   -17.0   -10.9    -3.3    -6.6   -20.0   -18.3    -7.1    -9.3    -1.9    -3.0    -5.0   -12.2   -15.4   -12.7 
 2022  4    -1.7    -9.9   -16.0   -21.3   -20.4   -18.2   -16.5   -16.4    -2.5    -9.2   -10.3    -6.0 -9999.9M   -8.3    -7.6    -7.2   -17.8   -20.7    -8.9    -9.7    -7.8    -7.8   -15.1   -11.5    -5.6   -16.4   -13.7   -10.8    -7.3    -7.2 -9999.9M
 2022  5    -6.0    -2.8    -4.0    -4.7   -10.7   -10.2    -6.9     0.3     4.5     7.2     1.9     1.0     2.1     2.3     0.9     7.7     1.3     0.3     2.1     5.2     2.7    -0.6    -1.7     5.7    -2.9     0.5     1.9     6.4     3.6     4.6 -9999.9M
 2022  6     8.2    10.1    11.6    10.7     9.9    10.8    12.0    13.3    13.0    11.1    10.9    13.1    15.8    16.6    18.3    15.7     5.2     5.1     7.8     9.8    14.4     9.6    12.9     6.7    11.1 -9999.9M    7.6     9.6     7.9    12.8 -9999.9M
 2022  7     9.6     8.8     8.1    12.3 -9999.9M-9999.9M    8.9    11.4     8.9    10.9 -9999.9M   11.6    10.6    12.1    12.8    18.1    12.6    15.7    14.2    12.9    15.2    14.2    19.1    15.4    13.0    14.8    14.5    15.4    19.0 -9999.9M-9999.9M
 2022  8 -9999.9M-9999.9M-9999.9M    9.8    10.4    10.9    12.4 -9999.9M   15.1 -9999.9M-9999.9M-9999.9M   13.8    14.7    11.6    14.8    17.8    18.4    17.1    17.4    15.0    10.8     9.0     8.7     7.8     8.4     8.5     7.7     9.1     8.8    13.2 
 2022  9    10.5     9.4    10.2     9.3     9.9    13.7    14.4    15.4    10.0    10.1    11.6    12.0     7.0     7.4     6.8     8.3     5.3     4.3     7.5    11.4    10.6     6.2     3.6     6.9     4.4     5.0     7.1     3.2     5.0     3.1 -9999.9M
 2022 10     2.1     2.3     7.5     3.5 -9999.9M    0.4     0.5    -0.8    -0.9    -0.5    -1.2    -0.4     3.7     9.1     8.0     6.3     4.6    -0.1     1.4     5.4     2.6     2.9     2.3     0.7 -9999.9M    5.3    -1.5    -0.4     3.8 -9999.9M   -0.6 
 2022 11     1.5    -3.2    -7.1    -8.0   -11.0    -4.5    -1.6    -6.0    -8.3   -14.0    -9.9   -14.7    -6.4    -5.2    -3.7    -4.4    -6.8   -10.6   -14.5   -14.4   -15.0   -17.5   -21.7 -9999.9M  -16.6   -17.4   -16.4   -22.3   -13.4   -12.2 -9999.9M
 2022 12 -9999.9M   -9.1    -7.4   -15.3   -16.9   -16.0   -15.8   -15.3   -21.4   -19.0   -14.9   -11.6   -17.0   -17.0   -13.7   -10.7   -12.8   -13.9    -9.1   -10.3   -11.3   -17.1   -19.4   -10.2    -8.8   -19.4   -19.7    -9.9    -9.6   -11.6   -13.8 
