8201380, DEBERT              , NS  , station not joined, Homogenized daily mean temperature           , Deg Celcius,          Updated to 2022
8201380, DEBERT              , NS  , station non jointe, Temperature quotidienne moyenne homogeneisee , Deg Celcius, Mise a jour jusqu a 2022
 Year Mo  Day 01  Day 02  Day 03  Day 04  Day 05  Day 06  Day 07  Day 08  Day 09  Day 10  Day 11  Day 12  Day 13  Day 14  Day 15  Day 16  Day 17  Day 18  Day 19  Day 20  Day 21  Day 22  Day 23  Day 24  Day 25  Day 26  Day 27  Day 28  Day 29  Day 30  Day 31
Annee Mo Jour 01 Jour 02 Jour 03 Jour 04 Jour 05 Jour 06 Jour 07 Jour 08 Jour 09 Jour 10 Jour 11 Jour 12 Jour 13 Jour 14 Jour 15 Jour 16 Jour 17 Jour 18 Jour 19 Jour 20 Jour 21 Jour 22 Jour 23 Jour 24 Jour 25 Jour 26 Jour 27 Jour 28 Jour 29 Jour 30 Jour 31
 1982 10    10.8     9.3E    9.3     7.0     9.3     9.0     8.8     4.0     7.5     5.3     8.3     7.3     6.8     7.0    10.5     9.5     5.3     5.8     6.3    10.0    14.5     5.3     3.5     3.0     2.8     4.5     4.0     5.3     8.0     9.8     9.3 
 1982 11     7.3     4.5    11.8    17.0    19.0     6.5     3.3     5.3     3.8     1.8     1.8    10.3E   14.8     1.3     2.0     1.5     1.0     2.3     0.3    -1.0     3.8    10.5E   10.8    11.0    -1.5     1.8    -5.3E   -6.8    -2.3     1.0 -9999.9M
 1982 12    -2.5     1.3     4.8     6.8     3.3     3.8     7.8    -1.8    -3.5    -9.0    -4.3    -8.0   -10.5   -15.0    -3.3     5.5     0.8    -4.8    -2.5    -0.3     2.0    -3.5    -6.5    -6.3    -2.3     5.3    -1.8     2.0     5.3    -0.5    -2.8 
 1983  1    -1.8    -0.5    -9.3E  -16.3   -11.8     0.0     0.5     1.8    -8.8    -5.5     4.3     7.3     0.8    -1.3    -6.5     0.5    -0.8    -3.5   -11.8    -9.8   -13.3   -11.0    -4.0     2.8     2.5     1.0    -9.5    -9.8    -4.5    -3.0    -1.3 
 1983  2    -0.3     0.0     4.3     9.3    -1.5E   -9.0    -7.8    -1.3     0.5   -12.0   -12.3   -12.5    -8.8    -9.3     1.3    -8.3   -12.3     0.8    -3.0    -5.8    -9.8    -3.5   -11.3    -4.3    -2.8    -4.8    -3.8    -2.8 -9999.9M-9999.9M-9999.9M
 1983  3     2.0     4.5     2.3    -5.3    -5.5    -8.5    -8.0E   -6.0    -4.3     2.5     3.8     5.5     5.8     1.8     1.8     0.5     0.0     2.5     4.3     6.5     8.3     7.5     4.0    -1.0    -5.8    -5.5    -2.3     0.5     5.8    -2.0    -3.0 
 1983  4    -2.3    -0.3     2.0     3.3     3.5     3.0     3.5     3.8     5.0     3.5     4.3     7.5     0.8     0.5     5.3     6.3     9.0     7.8     4.8     9.8     9.3     6.3     6.5     7.8    10.5    13.8     8.0    12.0    12.8    11.5 -9999.9M
 1983  5    15.8    11.0    14.5    16.3    12.3     8.3     7.0     9.3    12.8    11.3     8.3     7.5    12.0    14.0    11.0    10.0     3.5     5.8     8.3     7.5    14.0    14.0     8.5     9.0     7.0     7.3    10.0    10.0    12.5    12.5E   13.8 
 1983  6    16.0    11.5    14.0    11.8    15.0    14.8    13.8    13.3    10.0    10.3    13.5    14.0    15.3    12.8    12.5    15.8    20.0    19.5    18.0    17.0    20.0    19.8    19.3    18.8    15.5    12.0    16.0    14.3    16.3    16.3 -9999.9M
 1983  7    17.0    21.0    20.0    23.3    22.0    23.8    16.8    16.8    15.5    15.0    13.5    14.8    19.8    18.3    19.5    19.0    20.3    18.5    17.5    18.3    18.0    17.8    17.5    20.3    19.5    19.0    16.0    21.3    19.5    20.5    18.3 
 1983  8    17.3    22.3    21.3    17.3    20.3E   23.0E   21.0    20.5    19.5    19.3    15.5    11.3    15.8    15.5    16.0    22.8    19.3    18.3    19.0    19.3    17.3    15.5    17.8    13.3    15.0    16.3    17.5    20.0    18.0    17.8    14.8 
 1983  9    17.3    14.5    17.5    19.8    19.5    20.8    23.3    16.5    15.5    17.0    14.0    18.0    17.3    14.8    12.0     8.5    11.0    14.5    14.8    19.0    22.8    20.8    13.5    11.3    13.0    10.0    11.3    11.3     9.8    15.0 -9999.9M
 1983 10    13.0    17.3    15.0    13.5    13.8    17.0    10.3     8.8     9.0     7.0     5.5    10.0    14.3    19.8    11.5     5.3     5.3    11.5     8.3     4.3     5.3     5.0     4.5     4.0     6.8     6.5     7.3     3.5     7.0     2.3     3.0 
 1983 11     4.5     5.0     8.5     5.5     7.3    10.8     5.8     6.8     7.3     2.0     7.5     8.8     0.5    -2.3     1.0     3.5     6.5     4.5     0.8    -0.3    -1.0     3.0     2.8     2.0     7.8     2.8     1.5     0.5     3.0     2.8 -9999.9M
 1983 12     0.8    -1.8    -0.8    -6.5    -3.3     5.8     7.0     0.0    -2.5     2.5   -11.0    -4.0     4.3     8.8     9.0     7.3     0.5    -5.3    -7.8   -18.8   -14.3    -5.8    -2.0    -8.3   -13.5   -11.3    -9.3    -4.3    -0.5    -5.0   -10.8 
 1984  1   -10.0    -7.5    -8.8    -6.8     1.8     2.8     2.5     1.5    -4.0    -8.3    -3.3   -17.0   -15.3   -10.0    -9.3    -6.8    -1.3   -10.8    -4.8    -7.0   -17.8   -18.0   -15.3    -8.5     1.3    -3.8    -4.5    -4.5   -11.3    -8.5    -3.8 
 1984  2    -7.5   -12.3    -6.0     4.8     7.5     4.3    -6.8   -10.0   -16.5   -11.5    -4.5     2.8     2.5     0.8     6.3     2.5     0.0    -0.3     1.0    -0.3     1.3    -4.3    -4.3     3.0     4.0     0.5    -1.8    -2.3     2.8 -9999.9M-9999.9M
 1984  3     1.5    -7.5    -8.8    -9.5    -8.3    -1.0    -2.8    -9.8   -15.0   -11.8   -14.3   -10.3   -14.0    -3.8     5.0    11.5     6.8    -0.3     1.3     4.3     2.8     6.0     5.0     1.5    -1.8    -1.5    -3.3    -0.3     0.8     0.0    -0.8 
 1984  4    -1.0     0.8     3.5     1.0     2.0     7.5E   11.0E    2.0    -1.0    -0.5     1.8     1.5     2.0     4.0     4.5     4.3     9.0     7.3     1.8     5.0     5.8     2.5     5.3     7.3     5.0     3.3     6.3     8.3     6.5    11.0 -9999.9M
 1984  5     5.8     7.0     6.8     5.0     7.8     4.8     7.5     8.0    11.8    12.0    10.0    10.3    11.3    10.0     9.0     9.8     7.3     5.5     6.8    13.0    13.5    15.8    16.5    15.5    12.8    15.8    17.0    13.3     9.8    15.5    18.3 
 1984  6    17.0    19.0     7.5     9.8    10.5    15.0    14.5    18.3    22.5    18.0    17.8    20.5    18.3    16.3    11.3     9.8    12.8    14.8    16.3    18.8    15.3    12.8     7.8    12.0    12.0    13.5    14.8    20.3    21.5    21.8 -9999.9M
 1984  7    20.5    20.8    23.0    21.8    20.8    23.3    23.8    20.5    22.8    18.8    16.3    15.3    21.0    19.3    20.0    22.5    22.5    20.8    21.5    19.8    19.8    21.3    21.3    22.3    16.8    15.8    17.5    18.0    19.3    18.3    19.0 
 1984  8    21.3    21.8    19.8    19.8    20.0    23.5    23.5    21.8    23.5    22.0    22.8    24.3    25.8    22.3    24.3    25.0    22.3    18.8    21.0    15.5    16.5    16.0    19.3    19.0    16.8    14.0    16.8    18.0    20.8    21.8    22.8 
 1984  9    20.8    14.8    16.5    13.5    14.5    15.0    13.8    11.0    13.5    18.0    19.5    17.8    12.3    14.5    10.0    11.8    10.8    10.0    11.0    15.5    13.8     9.5     8.0    17.5E   12.5    19.3     5.0     6.5     7.3    10.5 -9999.9M
 1984 10     9.0    10.8    12.0    10.0     2.8     3.5     4.3    10.0     9.3     5.3    10.5    10.5     5.0     6.3     7.8     8.5     8.0     9.5    10.5     9.3    10.8    12.3    10.0     7.5     4.5     4.8     2.5     7.0    11.8     4.3     5.5 
 1984 11     5.0    10.5     0.0     1.8     7.5    12.0     5.8     0.5    -2.0     4.0E   10.3E   13.3E    9.8     4.0     1.5     4.5     4.0    -0.5    -2.0    -5.5    -2.5     0.0     2.0     0.3    -0.5    -0.3    -0.5     1.5     6.3     7.0 -9999.9M
 1984 12     2.0     2.0     4.0     3.8    -2.0    -0.8    -1.0    -6.5    -2.5    -2.0     3.0     5.3     7.3    -4.3    -7.5    -4.0     2.5     0.3    -1.0    -0.5    -4.0    -4.0     1.3     2.5     1.3E   -9.3   -19.0   -10.0    -1.8    -2.0E  -11.8 
 1985  1    -6.0    -3.0    -7.3   -10.3    -7.8   -13.8   -15.0   -12.8   -15.0   -12.5   -15.0   -12.8   -10.8    -9.0    -1.8   -10.3   -14.8   -15.0   -14.5    -4.8E   -9.8   -10.0    -5.5   -10.5    -8.8    -7.8   -12.8   -11.0    -9.3   -12.0   -12.3 
 1985  2   -11.5    -2.3    -6.8   -16.8   -17.5   -19.3   -19.5   -18.5    -9.0     0.3E    0.0    -2.0     1.5     4.8     1.0     2.0     0.5     1.5    -5.5    -5.0    -9.5    -8.0     3.8     0.8    -2.5    -8.0    -1.0    -9.0 -9999.9M-9999.9M-9999.9M
 1985  3    -5.8     3.8     1.3   -14.0   -11.0   -12.0   -16.0    -5.5     0.8    -0.8     2.0     2.3     4.3     2.0     1.8    -4.5    -1.8    -6.0    -7.0    -4.8    -6.5    -4.0    -0.5    -1.0    -5.3    -8.5    -0.8    -0.5     5.8     2.3    -1.0 
 1985  4    -2.8    -0.5     1.0     1.5     2.3     6.3     8.3     0.5     1.5    -1.3    -1.5    -0.3    -1.8    -2.3     4.8    11.5     1.0     1.0     5.8     3.8     0.5     2.0     0.5     3.8     5.8     6.5     9.5     7.3     6.3     2.8 -9999.9M
 1985  5     8.5     6.8     5.0     4.5     6.0     6.3     2.0     2.3     4.5     9.0    12.5     3.5     5.3     3.3     4.5     8.3    15.3    16.0    15.0    12.8    14.0    13.8    11.0    12.5    13.5     7.5     9.0    12.9    12.0    11.5    11.5 
 1985  6    15.5    17.3    14.8    18.0    13.3    11.8     9.3    13.3    13.5    10.5    14.0    11.0    10.0    11.0    12.8    15.3    13.8    15.3    15.8    15.0    15.0    16.8    14.0    14.5    14.5    12.3    12.8    18.3    16.5    18.3 -9999.9M
 1985  7    16.3    17.5    18.0    19.5    19.5    20.5    19.0    21.5    18.8    18.5    22.0    20.5    19.3    19.3    21.0    21.8    21.5    19.3    18.3    19.5    19.8    19.0    18.8    16.0    16.8    23.5    21.8    15.8    17.5    20.5    17.8 
 1985  8    13.5    16.3    15.5    16.5    19.8    19.0    17.8    17.5    20.8    20.0    18.5    17.3    15.5    14.5    21.8    19.8    17.0    15.8    15.8    18.3    20.0    18.3    17.0    16.0    15.3    15.5    16.8    19.3    15.5    12.0    11.8 
 1985  9    14.5    11.0    13.5E   13.3    17.0    15.0    16.8    18.3    12.0    10.8    12.5     8.0     9.5     9.0    12.0E   12.8    13.0    12.0    15.3    17.0    18.8    12.0    10.8    13.8    15.0    17.8    15.3    20.0    15.5E   15.3E-9999.9M
 1985 10    14.8    17.0    15.0    10.3    11.3    14.8     9.0     6.8    10.0    14.3     5.8     2.8     4.3     4.3    11.8    13.5     4.0     3.5     8.5     6.0     4.0     3.8     5.8     6.3     8.3     6.0     4.0     4.8     0.8     0.3     3.0 
 1985 11     3.0     7.5     6.0     4.5     4.8    11.0    13.0    10.8     2.5     5.8     3.5     2.5     5.5     0.5    -0.8    -4.3    -0.5     4.5     2.3     7.5     8.5    -0.3     0.0    -3.0    -4.5    -7.5    -6.5    -3.8    -6.8    -7.8 -9999.9M
 1985 12    -4.0     2.5    -3.5    -5.8    -7.5    -9.0    -9.5    -5.8    -4.5    -5.8    -6.8    -7.5    -9.0    -2.3   -11.5    -9.5    -5.5    -8.5   -15.0   -15.8   -14.0   -13.0    -8.8    -0.5     5.3    -6.8    -8.5    -1.5   -10.3    -7.5    -8.0 
 1986  1     1.8    -7.8    -0.8    -7.5    -6.5    -7.5   -11.0   -14.5   -12.0    -2.5    -5.8    -7.0     2.8   -10.5   -21.3   -17.0    -9.0     3.0     3.5     4.5     2.0    -0.8    -1.5   -15.0   -10.5    -3.5     6.8    10.0    -6.8    -7.3   -10.0 
 1986  2   -14.5    -9.3    -6.3   -14.8   -11.5    -8.3   -13.3   -10.8    -7.8    -7.0   -10.3    -5.8   -13.3   -11.5    -5.8    -5.0   -12.0    -9.0    -7.3    -3.8    -0.8    -0.8    -3.5    -2.0    -4.3    -3.3    -3.8    -5.0 -9999.9M-9999.9M-9999.9M
 1986  3    -0.3    -4.5E   -6.8    -5.3    -2.3    -4.3    -5.0    -7.8   -11.0   -10.3    -3.3    -6.3   -10.8    -1.0    -0.3    -2.8    -0.5    -1.8     1.5     4.5   -10.5    -9.3    -5.3    -0.3    -3.8     6.0     8.0     0.5     1.5     8.0     7.5 
 1986  4     7.5     8.5     5.3     2.5    -1.8    -2.3     1.5     0.3     4.8     4.3     4.5     5.3     6.5     7.3     5.8     1.8     3.8     2.5     3.5     4.3    11.3    10.0    11.3    14.0    14.3    14.5    12.8    14.5    12.8     9.5 -9999.9M
 1986  5    10.8     7.5     3.3     3.5     3.5     6.3     6.8     6.0     5.0     7.3     3.8     6.5     9.5    12.5    12.3    11.0    10.0    14.8    19.3    17.5    13.5    17.8    16.0    17.8    15.5    12.0     9.0     9.8    10.3    14.3    14.0 
 1986  6    11.3    11.5     8.8     8.8    14.3    17.0    14.3    15.5    14.8    15.0    14.0     8.3     8.8    12.8    16.8    18.3    15.8    11.5    13.3    12.8    15.3    13.8    18.8    20.0    16.5    10.3    12.5    13.8    16.0    15.0 -9999.9M
 1986  7    13.3    14.3    13.3    15.3    13.8    13.3    12.5    18.5    19.0    14.3    15.0    13.8    17.8    12.5    14.0    16.8    18.5    18.3    21.3    17.5    16.5    16.0    16.0    17.0    19.5    22.0    19.5    15.5    18.8    18.3    14.8 
 1986  8    17.8    20.3    19.5    20.3    19.3    18.0    19.8    21.5    22.5    19.5    18.0    19.5    14.3    15.5    16.0    17.8    16.5    18.8    18.3    18.5    17.3    13.5    12.5    12.3    14.3    15.8    12.3    16.3     8.5    11.0    11.5 
 1986  9    10.5    14.0    12.3    10.0    10.0    10.0    16.8    12.3     9.8    12.3    13.5    19.8    17.3     9.5     5.8     5.5    10.5     9.0     8.5    12.3    11.3     7.8     6.0     9.0    12.3    11.3     8.3     7.0    10.3    13.0 -9999.9M
 1986 10    15.5     9.5    11.3    10.0     7.8     4.5     7.8     6.5    14.0     5.3     2.5     4.5     8.5    13.5    13.8     5.0     3.8     5.5     2.8     4.3     3.0     7.0     7.8     4.8     3.3     3.0     3.5     7.5     9.0     8.3     3.0 
 1986 11     2.5E    9.0     0.0     2.5    -2.3    -3.0     3.5     4.3    10.5E    4.0    -2.0     1.0     3.3    -6.3    -3.5     2.8     1.5     4.0    -1.0    -5.5    -0.3    -1.0    -1.3     2.3     1.3     2.5     6.5E   -1.3     1.8    -3.5 -9999.9M
 1986 12    -4.5    -4.8     0.5     4.0     3.0    -2.5    -3.0   -10.0   -11.5    -5.5    -3.0    -2.3    -7.3    -7.5    -2.3   -10.8   -13.5   -11.5    -1.8     1.0    -5.3   -11.0    -6.3    -3.3    -2.8     4.3    -3.8    -6.8    -5.5    -4.0    -3.3 
 1987  1    -2.8    -3.3     2.3    -3.0    -4.5    -7.0    -2.3    -1.5    -6.0    -9.3    -2.8    -1.0    -6.5    -7.0    -3.3    -3.0   -14.0   -11.5    -5.3    -9.0   -16.0    -9.3    -1.3    -8.5   -15.0   -17.5   -11.8   -14.8   -14.5   -12.5   -10.0 
 1987  2    -5.3    -5.3    -9.0    -2.8   -10.5   -14.8   -13.0    -2.3    -2.0    -6.8   -11.3   -14.8   -14.3   -12.5   -18.3   -11.0    -9.0    -9.3   -13.3   -13.3   -11.3    -4.0    -8.0    -2.8     0.8    -2.5    -2.5    -4.8 -9999.9M-9999.9M-9999.9M
 1987  3    -5.0    -7.3    -7.5    -9.0   -13.5    -9.5    -3.0    -1.8    -6.8   -14.3   -14.3   -11.5    -5.8    -5.8    -3.5    -1.5    -0.3     0.5     1.8     3.8     3.3     2.5     2.3     4.3     5.5     4.3     4.3     5.8     5.3     5.5     3.8 
 1987  4     8.3     7.3     7.8     6.5     9.5     7.8     7.5     4.5     0.8     4.3     6.0     5.3     3.0     2.0     4.5     6.5     7.3    12.0    12.8    12.5    11.8     4.3     5.5     8.0     5.8     2.8     1.0     2.3     4.8     4.8 -9999.9M
 1987  5     6.3     5.5     7.0     7.0     4.3    11.3    12.8     8.5    12.0    12.5    11.8    14.8     9.8     9.3    10.0     7.5     9.0     6.5     4.8     6.0     9.0    13.3     9.3     7.0    12.3     9.8    11.3     8.3    15.0    13.0    12.0 
 1987  6    16.8    12.0    13.3    13.0    12.5    11.3    13.3    14.5    13.5    11.0    13.5    13.8    16.3    12.8    14.8    13.3    13.0    13.3    15.5    17.3    14.8    18.3    16.5    16.5    14.0    11.5    15.8    19.0    18.0    17.8 -9999.9M
 1987  7    17.5    15.0    17.3    15.3    15.5    17.0    16.8    18.5    19.3    22.0    23.3    23.3    23.5    24.0    23.8    19.3    18.0    18.0    19.0    17.5    19.5    18.3    19.0    19.8    20.8    21.3    19.0    16.8    14.0    16.0    17.5 
 1987  8    14.3    13.8    15.5    19.3    19.5    16.3    15.0    16.3    19.5    19.3    16.8    18.8    17.3    16.8    20.5    18.5    23.0    24.5    22.0    18.0    18.0    16.8    18.0     9.5    11.3    12.0    11.5    11.8    10.8    16.0    15.8 
 1987  9    12.3    15.3    11.0    10.3    11.8    14.3    18.3    17.5    16.8    17.0    16.3    14.8    16.5    15.5    16.3    13.0    14.3    11.0    13.8    14.0    12.5    13.8    14.3    12.0     7.5     6.5     8.3     6.5    17.8    15.8 -9999.9M
 1987 10    17.0    12.5    12.3    16.3    11.8     9.8    12.5    13.8     8.5     9.0     5.0     6.3     6.5     3.8     5.5     5.5     5.5     9.0    10.0     9.5    10.5     8.3     1.8     7.8     9.5     4.3     3.5     7.5    14.3     5.0     4.3 
 1987 11     2.8     0.8     1.8     6.5    11.0     2.8    -0.3     1.0     3.8     0.0     0.8     2.8     0.3    -0.3     1.8    -3.5    -3.3     8.0     6.5     4.0     3.3    -1.8    -2.3    -0.5     3.3    -0.5    -0.5    -2.3    -4.0     3.0 -9999.9M
 1987 12    10.5     5.0     0.0    -1.8    -0.8     0.0    -3.8    -3.5    -1.5    -1.3     0.5     1.0    -0.5    -3.0    -3.8    -2.3    -1.5    -4.5   -14.5   -10.0    -2.3    -3.0    -5.3    -6.5    -9.8    -6.8   -11.3   -11.8   -13.3   -11.0    -6.3 
 1988  1    -4.0    -3.8   -12.3    -8.0    -5.3   -15.3   -15.5   -13.8    -8.5   -11.3   -16.5    -6.5    -1.0   -21.3   -16.5    -8.3    -4.3     1.3     2.8     1.3     2.0    -5.0    -9.3    -6.3    -1.0     5.0    -3.3   -12.5   -14.3   -10.0     1.3 
 1988  2     2.8     2.8   -12.0   -10.3    -6.3   -17.5   -17.8    -7.5    -9.8    -8.3   -12.8    -9.0    -0.8    -7.3    -3.5     3.5    -8.5    -8.0    -5.3     0.0     3.3    -6.5     3.3     1.0    -4.3    -7.3    -5.5    -5.0    -1.0 -9999.9M-9999.9M
 1988  3    -1.8    -1.8    -0.3    -6.0    -3.0   -11.5     0.3    -2.8    -4.5    -0.3    -3.8    -7.8    -5.0    -1.8    -4.0    -1.0    -1.0    -3.8     2.0    -2.3   -10.0   -11.3    -2.8     1.3     2.8     6.5    10.0     6.8    -0.5     1.8     4.8 
 1988  4     4.8     4.0     5.0     4.8     5.0     2.8     4.5     2.5     3.5     3.5     1.0     0.3     1.8     0.8     1.0     1.5     4.5     5.3     8.0     2.5     1.3     1.5     3.0     2.3     1.5     5.3     7.3     7.3     6.0     8.8 -9999.9M
 1988  5     5.0     4.0     2.5     4.3     8.8    10.5     8.0     7.8     8.3     7.8    12.5    11.5    15.0    11.5     9.3    11.8    14.5    14.3    13.0    19.0    19.8    16.8    18.5    17.8    14.0    13.3    14.5    16.0    14.8     9.8     7.0 
 1988  6     8.0     5.5     8.0     8.0     8.5     8.3     8.3     9.3    10.3     9.8    11.0    13.0    16.8    14.3    20.3    22.0    18.8    16.0    17.0    18.3    20.5    19.8    16.3    11.5    12.8    12.3    13.5    12.8    16.8    14.5 -9999.9M
 1988  7    14.8    14.8    14.8    18.3    18.8    18.3    19.8    21.3    21.0    20.0    23.8    21.8    20.3    16.5    19.5    17.0    18.3    21.5    18.8    21.5    19.0    16.5    20.0    16.8    18.5    19.0    21.0    22.5    21.8    22.5    21.0E
 1988  8    21.3    20.5    18.8    21.0    23.5    24.0    23.0    24.0    22.5    22.8    22.5    23.0    22.0    19.8    16.3    17.8    17.0    17.3    14.5    14.8    14.5    12.0    11.8    13.8    13.5    19.0    21.5    20.8    20.8    18.5    16.5 
 1988  9    14.8    14.8    14.8    10.3    12.0    15.8    11.3    12.8    13.5    15.5    13.5    12.5    10.8    11.8     9.3     8.8     9.8    11.5    14.5    15.0    11.8    14.5     9.8    14.5     8.3     9.0     8.3     9.0     9.3     7.3 -9999.9M
 1988 10    15.3    16.5    15.5     9.5     8.0     7.8     3.3     2.5     5.8     7.0     9.3     8.5     4.8     4.5     5.3     4.0     6.0     5.8    11.3     5.8     2.5     5.8    10.5    10.3    11.5     7.3     5.3     6.0     7.0     1.0     0.5 
 1988 11     1.8     8.0     6.3     6.0     7.0    13.0    11.3     8.3     5.3     5.3     8.8     0.3     1.5     5.5     3.8     4.3     6.0     3.0     1.8     1.3     4.3    -1.3    -3.5    -6.3    -4.3    -1.8     1.5     8.5     2.5    -0.5 -9999.9M
 1988 12     3.8    -1.8    -0.5     1.8    -8.3    -6.5    -0.3    -1.5    -8.5   -12.3   -17.3   -15.5   -10.8    -3.3    -1.0    -7.8   -13.3    -8.5   -10.3    -3.0     3.5    -6.8    -8.3    -1.0     1.0    -2.0    -5.0    -2.8    -5.5   -14.3   -11.3 
 1989  1   -14.8   -11.8    -8.0    -9.8   -11.3   -12.5   -10.3    -1.0     0.3    -6.8    -5.3    -6.8    -0.8    -6.0    -0.8    -0.3    -4.0    -3.0    -4.8    -4.8    -4.8   -13.3    -9.0    -4.5   -10.5    -9.3    -5.3    -8.5    -1.3    -2.8     0.8 
 1989  2     2.8    -8.5    -8.5   -12.8   -16.8   -15.3   -10.3    -8.8    -7.8   -14.0    -7.0    -5.0    -9.5    -5.3     0.8    -0.5   -17.0   -17.5   -15.3    -8.3     2.8     4.0    -1.8    -6.3    -6.5    -6.8   -10.0    -8.8 -9999.9M-9999.9M-9999.9M
 1989  3    -5.3    -3.0   -11.5   -12.8    -8.8    -6.5   -16.5   -13.8   -12.5    -8.0    -7.5    -2.5    -6.3    -5.5     5.0     5.0     1.3    -2.0    -6.0   -11.0    -1.8    -2.8    -9.0    -2.8     0.0     1.5     3.3     6.8     4.5    -2.8     0.3 
 1989  4     3.8     2.3     3.3     4.8     8.0    11.0    10.3     3.0     3.0     1.0     2.0     1.5     2.8     2.3     4.0     1.3     2.3     4.8     3.0     3.8     3.3     2.3     1.3     3.5     2.5     2.5     4.5     4.5     7.3     8.3 -9999.9M
 1989  5    12.3     9.8    13.3    10.3     9.8     9.3    12.5    12.3    10.0    11.0    14.0    17.0    18.8    12.5    13.0    14.5    14.8    13.5    13.5    12.3    17.0    15.0    16.3    15.5    15.3    16.8    17.3    13.3    14.0    14.5    16.3 
 1989  6    14.5    14.0    15.0    13.0    16.5    16.8    16.5    14.8    13.0    11.3    12.3    11.0    11.0    12.5    11.8    11.8    15.0    18.0    17.8    17.5    19.0    18.0    18.5    17.5    19.0    17.3    20.3    20.5    19.3    14.8 -9999.9M
 1989  7    13.8    12.8    15.5    15.5    19.8    20.5    21.8    17.5    17.0    17.0    16.5    17.0    18.0    18.5    18.0    15.8    16.8    18.5    19.0    15.8    16.3    16.0    16.8    16.3    18.8    22.0    24.0    19.8    18.8    15.5    15.3 
 1989  8    16.5    17.0    17.8    19.0    23.5    25.8    24.8    24.0    15.8    18.3    18.8    20.3    24.5    20.5    22.5    22.3    20.5    16.8    16.3    15.8    21.3    20.8    18.0    18.3     8.3     9.5    14.0    12.3    15.5    14.5    17.8 
 1989  9    13.0    17.3    13.8     9.0    11.0    12.5    15.8    16.3    15.0    18.5    22.0    18.0    15.0    13.5    13.0    11.8    13.5    14.5    12.3    17.0    18.8    18.8    22.0    11.8     7.0     7.8     6.8     3.5    13.5     9.5 -9999.9M
 1989 10     5.5    12.3    12.5     5.5     3.3     3.8    10.0     5.3     5.0     3.8     4.0     9.0    11.3     7.3     4.0     5.3     6.8     3.3     5.3     6.3    13.8     8.5     3.8     4.5     7.0     6.0     3.5    10.3     8.3    11.5    11.3 
 1989 11    12.0     5.5     3.3     5.5    -2.8     2.8    10.3     6.3    12.0    13.0     4.5     5.8    -1.0     1.0     8.3    15.0     9.5     2.5     0.5    -3.8     2.0    -5.0    -7.8    -6.3   -11.5    -4.8    -4.3    -3.3    -5.0   -11.5 -9999.9M
 1989 12    -7.0   -11.5    -7.8    -4.5    -9.5    -7.3    -0.5   -13.0   -13.5   -12.0   -10.3   -11.5   -13.3   -12.5   -13.8    -7.5    -5.3    -5.8    -5.3   -13.3   -15.0   -16.0   -16.5   -19.3   -11.5    -4.3    -7.5   -14.8   -18.8   -21.0    -9.0 
 1990  1     0.5    -6.3    -1.0    -2.3     1.5    -8.0    -7.5    -5.8    -3.0    -2.5    -4.0    -2.3    -4.0   -12.8   -10.8    -2.5    -5.8     1.8    -5.5   -10.3   -11.5    -9.5    -5.5    -3.5     3.5     6.0     0.5    -0.5    -1.8    -2.8    -5.5 
 1990  2    -2.5    -1.0   -18.8   -19.3   -16.3   -15.0    -7.0     0.0     0.3     5.0     0.8    -6.3    -7.8     0.8   -10.0    -4.3    -5.3   -12.0    -6.8   -12.0   -13.5    -2.0     4.8    -7.0   -12.0   -17.0   -15.3    -4.0 -9999.9M-9999.9M-9999.9M
 1990  3   -13.0    -1.8     1.5    -5.0    -9.5   -12.8   -14.8   -10.8    -4.5     0.5     0.8     1.5     1.0    -4.0    -2.5     0.5     5.8     4.5     2.8     3.8     3.0     0.0     5.5    -4.5    -2.8     1.5    -7.5    -7.8    -7.5    -5.5    -0.5 
 1990  4    -0.5     3.0     7.0    10.3     7.3     6.3     0.5    -0.5     0.8     3.3     7.0     1.8     0.8     2.5     4.8     9.0     7.3     3.5     1.0     5.8     5.8     5.3     3.3     1.0     4.0     6.0     9.8     4.0     3.8     9.5 -9999.9M
 1990  5    11.8    12.8     6.3     5.8     6.0     2.8     6.0     6.3     7.3    15.3    14.5     9.5    10.0     9.0     8.0     8.5     7.3     4.0     7.0     5.3     5.0     5.0     4.0     5.8     7.5     9.5    10.5    12.0    13.8    14.3     8.0 
 1990  6     9.0    15.3    18.3    15.3    13.5    10.3    14.3    15.8    15.5    16.5    12.3    14.5    14.3    16.0    20.8    21.8    21.5    21.5    23.5    19.3    16.3    16.0    14.0    13.8    19.5    19.0    19.5    17.8    15.3    17.8 -9999.9M
 1990  7    16.5    15.3    16.0    17.0    20.0    13.8    15.0    14.5    12.0    20.3    15.5    14.5    17.8    15.8    19.8    25.5    22.3    20.8    22.8    20.5    21.5    22.8    18.0    22.5    24.8    22.8    20.8    23.0    21.3    22.0    20.8 
 1990  8    22.0    17.5    20.0    21.3    22.3    22.3    21.3    21.5    24.0    24.5    24.0    24.0    23.0    23.0    18.5    19.8    20.3    22.3    16.5    11.5    13.3    14.3    15.3    19.0    21.3    22.5    23.0    24.3    21.5    20.8    15.8 
 1990  9    17.8    19.0    17.0    13.0    12.8    16.3    18.5    13.3    10.5    13.3    17.3    13.3    17.5    12.0    17.8    17.0    14.0     9.5     9.0    10.0    13.0    10.0    15.0    13.3    12.5    11.8    12.8    17.0    14.3    13.8 -9999.9M
 1990 10    14.0     7.5     7.3     8.0    14.3    12.8    16.0    13.3    14.3    10.3    11.5    16.8    19.0    20.8    18.5    10.5     7.5    15.8    16.5     6.8     4.0     8.3    11.0    12.0     6.3     6.0     4.5     3.3     5.3     6.3     2.5 
 1990 11     0.3     1.0     3.8     8.5     3.8     3.0     2.8    -1.3    -0.5     4.8     7.5     0.8    -1.8     2.3     1.8     3.3     7.0     6.0     7.0     3.5     2.3     4.5     3.3     5.5     5.5     1.8    -1.3     6.0     7.8     0.0 -9999.9M
 1990 12    -2.3     0.8    -1.8     1.8     6.3    -2.5    -0.3     1.8     1.5    -2.0    -8.0    -8.8    -2.8    -7.0    -6.0     4.0     1.5     3.8     5.3    -7.5    -3.5     5.5     9.3     8.3    -3.5    -3.3   -12.8   -11.8    -4.3     3.3    -4.0 
 1991  1   -12.0    -6.3    -7.5   -12.0    -6.5    -6.3   -10.0   -19.0   -11.0    -3.3   -18.3   -11.3    -7.5   -12.8    -7.3    -6.8     1.3    -3.8    -9.5    -8.0   -11.8   -18.8   -13.5    -5.8   -14.8   -19.0    -9.0    -6.5    -2.8    -4.3    -3.0 
 1991  2   -13.0   -10.8     2.0    -4.0    -0.3    -1.0    -7.3     1.8     0.0    -1.3    -5.3   -14.5   -15.3    -6.8     2.0     1.8    -7.8    -8.3    -7.5     1.3    -0.3    -1.8   -10.3   -11.3    -5.8    -7.8    -8.5    -9.0 -9999.9M-9999.9M-9999.9M
 1991  3    -5.0     4.8     1.5     1.5     4.3    -1.5     0.8    -0.3    -1.5     1.3     0.8    -0.5     1.0     1.0    -1.5    -2.5    -1.5     0.3     3.3     2.8    -1.8    -4.3    -4.0    -2.3     0.3    -1.0    -0.3     1.5     5.5    -0.3    -3.3 
 1991  4    -2.8     0.5     2.5     1.3     7.5     8.8     0.8     4.5     4.0     2.3     2.5    -1.5    -1.5     0.8     5.3     1.3     2.0     1.8     3.8     4.8     6.3     8.0     8.8     9.3     9.3     7.0     7.5     2.5     5.0     4.8 -9999.9M
 1991  5     3.0    12.3    10.3     9.0     7.5    10.3    12.0     9.8    13.3     9.0    10.0    16.0    11.3    10.5    11.0    13.0    17.5     3.0     4.0     9.8    12.5    12.5     5.0     7.0    17.3    11.8    12.0    10.5    11.8    10.5    13.0 
 1991  6    10.3    13.8    14.3     9.5     8.0    12.0    13.5    15.0    13.8    18.3    20.8    19.0    18.0     8.3    10.5    11.0    14.3    14.5    18.3    19.3    20.3    15.8    16.3    15.5    16.3    16.8    17.5    18.8    19.0    13.3 -9999.9M
 1991  7    13.5    14.3    15.5    14.8    17.3    18.5    16.8    18.0    18.8    18.8    15.5    18.8    19.0    18.0    19.3    17.8    21.5    22.5    23.5    23.5    24.3    20.5    15.5    21.3    22.0    19.8    18.8    21.0    18.3    20.0    17.0 
 1991  8    19.3    20.5    16.5    18.0    14.3    17.3    18.8    19.0    19.0    17.3    20.8    15.8    17.8    20.8    21.8    21.5    22.8    23.5    20.0    18.0    16.3    19.8    20.8    14.3    11.8    12.3    18.5    18.8    20.5    20.0    17.0 
 1991  9    11.0     9.8    14.3    17.3    17.5    18.3    17.0    18.0    11.5    12.5    15.3    10.3    11.0    13.8    13.8    12.5    20.3    16.0    19.0    10.5     8.5     8.0     9.8    15.3    12.3    18.0    14.8    11.3     7.8     6.3 -9999.9M
 1991 10     5.3    13.3    17.0    16.3    11.5    12.3    14.5     5.0     6.3    13.0    13.3    15.5     9.3     4.8     6.8     9.8    13.5    14.3    13.5     8.3     2.5     3.8     5.3     7.5     8.8    10.5    11.8     6.3     4.0     6.0     9.0 
 1991 11    13.3    14.3    12.5    11.0     4.0     1.8     3.5     6.8     2.0     1.3     7.3     7.5     4.3     4.0     3.3     4.8     1.3     1.8     3.0     8.0    10.5     1.3     1.8     7.8     5.5     1.0    -1.5     1.0     1.8     3.0 -9999.9M
 1991 12     6.5     3.8    -2.8     0.8    -9.5   -11.8    -8.8    -4.3     2.5    -1.5    -3.3    -0.5     1.0     4.3     1.0    -7.8    -8.8    -7.3    -9.0   -14.5    -8.3    -3.0    -2.3     0.3    -7.3   -11.5    -7.5    -9.8    -7.5    -4.3    -7.8 
 1992  1    -8.8   -10.0    -1.3    -4.0     1.0     6.0     1.3    -3.3    -4.0    -2.0    -8.8   -13.0    -8.5     2.8    -0.5   -11.3   -18.0   -12.5   -16.0   -16.0   -16.3   -18.0    -5.5     3.5   -10.8   -16.5   -16.8   -14.0    -7.8    -6.0    -4.5 
 1992  2    -1.5    -4.5    -4.3    -6.5    -7.8   -10.0   -16.0    -8.8    -5.8   -13.0   -11.0   -14.0   -15.0    -6.0   -10.0    -4.3    -2.5    -5.5    -0.5     1.5    -6.5   -10.3    -5.5   -12.5   -11.0    -2.5    -2.3    -2.3    -3.0 -9999.9M-9999.9M
 1992  3   -18.0   -13.0   -10.0    -7.3    -5.3    -6.5    -7.5     2.8    -4.5    -3.0     3.0     1.8    -1.3   -12.3   -12.0   -11.5    -8.0    -5.3    -9.8    -9.0   -12.5    -6.3    -9.0    -2.8    -7.8    -2.8     3.5     6.5     4.0     2.8     1.3 
 1992  4     3.0     2.0     1.5     2.5     3.0    -0.5     0.3     1.8     2.5     2.5    -0.8    -1.8    -2.5    -3.3     0.5     0.5     2.0     2.5     3.5     5.0    10.3     8.0     5.5     2.3     2.5    -0.3E    2.0E    4.0     5.8     5.0 -9999.9M
 1992  5     3.3     5.0     5.5     3.0     2.0     1.5     6.0     8.3    10.0    10.8     7.0    10.8    17.8    16.0     9.8     8.5    10.0    12.3     8.3    10.8    11.8    18.3    18.3    10.8     4.8     6.0     8.0     9.8    11.0    15.0    14.3 
 1992  6    15.8    13.0    15.8    11.3     9.0    12.3    19.3    19.3    18.0    13.8    13.0    13.5    17.0    17.5    17.0    13.0    14.3    16.3    14.5    18.3    20.5    18.5    14.0    16.0    13.5    15.8    17.0    14.5    15.5    17.8 -9999.9M
 1992  7    17.0    11.8    11.8    10.3    11.0    14.5    18.3    18.0    15.3    17.8    18.8    17.3    11.0    12.0    16.5    13.5    15.0    15.3    19.3    20.8    19.5    17.5    14.0    17.8    17.5    17.5    18.8    20.8    17.8    17.5    15.5 
 1992  8    16.8    17.8    17.8    19.5    21.0    15.5    17.3    16.5    17.8    16.8    21.0    17.8    13.0    15.3    15.0    15.0    16.0    21.3    20.3    20.0    14.3    17.8    17.3    18.0    20.0    22.8    22.5    22.3    23.3    19.8    18.8 
 1992  9    15.5    14.3    14.5    14.0    16.3    14.3    13.5    16.3    20.0    21.0    22.0    15.0    11.3    13.5    14.0    15.3    18.5    20.3    20.0    13.8    10.0    14.3    17.0     7.3     8.3    11.0    13.3    17.8    13.3     6.8 -9999.9M
 1992 10     4.0     4.0    12.8     5.5     3.0     4.0     7.3    10.5     8.5    11.0    16.0    18.0    14.8     8.0     5.3     7.3    11.8     3.3     2.3     4.3     3.8     7.8     4.8    11.0    12.5     9.8     5.0     4.5     4.3     6.0     1.0 
 1992 11     1.8     1.3     2.5     5.8     9.0     4.5     0.8    -2.3    -2.3     1.3    -0.5     4.8     7.0     3.8     1.0     0.3    -4.3    -1.5    -5.8    -7.3    -2.8     1.0     2.3     0.5    -0.3     1.8     5.0     1.3     1.3    -2.0 -9999.9M
 1992 12     2.0     1.0    -4.5    -0.5    -2.5    -5.5    -3.8   -11.0   -11.8    -6.5    -3.0    -4.5     0.5     0.0    -2.0     0.3     5.3     4.5    -2.3     2.5    -3.8    -6.3     0.5    -0.3    -8.3    -7.8   -14.3   -11.0    -0.5    -3.5    -2.5 
 1993  1    -2.5   -15.3    -9.3    -5.8     5.5    -3.8    -1.3    -1.8   -12.8   -14.8   -12.3   -11.8   -11.5   -10.3   -13.5    -6.0    -7.5    -4.8   -16.0   -15.5   -11.3    -2.8     2.3     5.3     3.5   -10.0    -9.3    -4.0    -8.5   -16.8   -25.5 
 1993  2   -16.8   -14.0   -15.0    -6.0   -13.3   -17.8   -23.5   -12.0   -15.3   -12.0    -9.3   -12.8    -1.8     1.8    -3.3    -6.3     1.5    -6.3   -10.8   -15.0   -15.5   -10.0    -6.3    -3.3    -8.8   -11.0   -12.0   -12.5 -9999.9M-9999.9M-9999.9M
 1993  3    -7.8E   -4.0E   -6.3    -7.0    -7.8    -3.8    -5.8    -6.3    -6.5    -7.5   -11.5    -8.0    -7.3    -0.5E   -9.5    -9.8     3.8   -11.3   -12.0    -9.8    -1.0E    1.5    -0.3    -1.5     1.0     6.8     5.0     6.3     7.3     7.0    -0.5 
 1993  4    -4.3    -1.8     0.3     0.5     2.0     1.8     2.5     4.8     5.8     5.8    10.0     6.5     2.8     1.0    -0.3     1.3     8.8    13.0     4.8     8.0    11.5    13.8    13.3     5.5     6.5     8.3    -0.5     1.5     2.3     6.8 -9999.9M
 1993  5     7.8     7.8     7.0     9.5    14.0    12.8    10.3     8.3     8.5     1.8     1.3     4.5     6.5    11.5     5.5    13.8    16.0     9.0     7.8    11.5    14.5    14.8    10.5    13.5    11.5    16.0    12.5    12.3    12.8     8.3     8.8 
 1993  6     9.8    11.0    10.8    11.8    10.8    11.5    11.0    11.0    12.3    12.0    14.8     9.8    10.8    14.5    20.0    17.5    20.0    15.8    16.3    17.0    15.8    17.5    12.5    11.0    12.5    16.0    19.3    16.5    18.0    18.3 -9999.9M
 1993  7    17.8    17.3    16.3    18.3    14.8    14.5    18.5    21.3    20.5    20.8    20.8    18.5    23.0    20.3    17.0    14.8    12.3    12.5    15.0    17.0    17.8    17.8    17.5    15.5    14.0    16.0    14.8    17.0    21.0    21.0    23.3 
 1993  8    22.3    19.3    23.5    24.0    21.3    19.8    16.0    18.3    18.0    18.0    15.3    19.5    20.0    19.0    17.0    18.5    17.5    17.8    18.0    18.0    17.5    14.0    13.3    18.0    18.0    22.0    19.5    22.0    18.0    14.0    14.8 
 1993  9    18.0    14.0    15.8    19.8    18.5    17.3    18.3    15.5    17.8    18.5    18.3    10.5    12.5    19.0    19.0    13.8     9.0    13.0    15.5     5.5     7.3     9.8    11.0    15.3     9.8    10.0    15.5    20.5    11.8    10.3 -9999.9M
 1993 10     7.0     7.3    13.3     8.0     6.8     3.5     7.3     6.8    10.0    10.3     2.8     6.0    12.3     1.5     2.8     5.0     7.5    13.8     5.3     2.3     5.5     8.5     3.5     3.8     7.3     0.8     2.8     6.5     4.3     6.8     4.8 
 1993 11     6.0     3.5     2.0     5.5     6.3    11.3     7.3    -1.0     2.5     3.0     1.5     3.3     1.3     3.0     4.8     2.3     2.3     2.8     3.3     6.5     0.3     3.8    -1.0    -0.5    -9.3    -5.3    -3.8     4.5     8.5    -1.0 -9999.9M
 1993 12    -5.5    -2.0     3.5     2.8     4.5     1.8     0.3    -0.5    -0.5     0.8     7.0    11.3     4.3     6.5     4.3     0.3    -1.3    -1.3     0.5     1.8     5.0     5.5     1.0    -8.8    -7.3    -3.0   -18.0   -19.3   -19.3   -13.8   -15.5 
 1994  1    -8.0    -0.3   -12.0    -8.0    -1.0   -13.5   -11.5    -8.3   -12.3   -13.0   -12.3    -7.3    -4.5    -6.3    -1.0   -18.8   -11.8    -2.0   -14.8   -20.5   -16.0   -10.5   -17.5   -17.3   -19.0   -23.3   -21.0    -7.0     0.5    -9.5   -16.8 
 1994  2   -13.0   -14.0    -6.0    -8.8    -8.5    -2.5   -10.0   -21.3   -20.0   -18.0   -18.0   -11.5   -12.0    -7.3    -8.3   -10.8    -9.8    -6.0    -6.0     2.8     3.0     3.0   -11.8    -6.3    -6.8    -7.3   -12.8   -11.8 -9999.9M-9999.9M-9999.9M
 1994  3   -11.3   -10.8    -7.5     1.0    -2.5    -9.8   -10.0     2.3    -0.5     3.8    -1.0   -10.3   -10.5     1.8     5.0     5.0     1.5     0.0    -0.8    -2.8     0.0    -2.3     1.0     1.8     1.8    -2.0     0.8     3.8     2.0     1.0     1.8 
 1994  4     2.0    -4.3     2.8     5.0     5.8     7.3     9.5     2.5     1.8     5.0     5.5     5.0     8.5    11.8     8.8    10.5    11.5     7.0     6.5    10.0     6.0     3.3     0.5     2.5     1.8     4.3     8.0     8.3     4.3     8.5 -9999.9M
 1994  5     3.3     8.5     7.8     9.0     6.8     7.8     5.3     6.8    10.3    10.8    11.8     9.3    12.8     3.8     6.3    10.5     8.0     6.5     5.3     9.3     9.3    12.8    11.3     7.3     7.3    11.8    11.0    11.0    10.0     9.8    19.5 
 1994  6    18.8    17.0     9.5    11.3    13.5    15.0    14.8    14.3    10.5    10.3    11.3    14.8    17.5    19.5    18.5    17.3    18.8    20.5    17.5    14.3    17.0    18.3    15.3    16.0    18.5    22.3    19.5    21.0    23.0    22.0 -9999.9M
 1994  7    22.5    23.3    20.8    15.8    17.0    17.8    19.5    16.3    17.5    21.0    21.5    18.0    20.0    18.8    17.5    20.0    20.0    22.0    17.8    20.8    22.0    25.0    25.8    24.0    22.3    24.5    23.3    23.0    23.5    22.0    22.8 
 1994  8    23.3    21.8    21.3    24.3    24.0    16.0    17.3    15.8    21.3    17.0    15.8    15.8    18.0    23.3    19.5    14.3    16.5    16.8    19.0    18.5    22.3    19.0    15.5    13.5    14.3    14.3    21.0    20.8    20.0    12.3    10.8 
 1994  9    13.0    12.8    11.0    11.8    13.8    14.0    16.0    14.3    14.8    17.0    13.8    10.3    12.0    11.5    10.3    10.0    16.0    11.5     7.3     8.5    12.0    10.3    11.8    12.5    13.0    13.0    14.5    15.8    18.5    13.3 -9999.9M
 1994 10     9.5     6.3     4.8    11.0     7.5     8.5     6.0     9.5    16.0E   13.5     6.0     3.8     5.3     6.3     5.5     4.8E    6.8     6.8     6.3     6.3     9.0    12.3    13.8    11.8    11.8     8.8     7.5     4.3     7.3     9.5     8.8 
 1994 11    12.3    14.8     7.0     4.3    10.3     9.0     8.3     5.5     6.3     3.0     2.5     3.3     3.3     4.0     7.5     4.0     4.3     4.5     7.0     2.3     1.5     6.5     1.0    -7.8    -4.8    -2.8    -6.5E   -1.3     3.0E    1.0 -9999.9M
 1994 12    -6.3    -4.8     3.5     2.5     3.0     5.5     2.5    -4.8    -1.0    -1.5     0.5    -6.0   -12.5   -12.3    -9.8    -6.5    -6.5    -7.0    -3.3    -8.8    -9.0    -0.5    -1.5     1.8     1.3    -2.3    -6.8    -4.0     2.0   -10.3    -7.5 
 1995  1    -4.8    -2.5    -4.0    -6.3   -12.5    -7.0     3.5    -5.5    -8.0   -14.0   -20.5   -10.8    -0.8     1.3     5.0     8.5     8.5     0.0     2.0     0.5     0.8     1.8     1.0     0.5    -3.0    -8.8   -12.8   -14.5    -9.3    -8.8   -11.5 
 1995  2    -6.5    -1.8   -11.5    -9.8    -7.5   -11.0   -19.8   -12.0   -14.3    -8.0    -8.5    -8.0   -14.0   -12.0    -6.8    -2.0    -5.3    -4.0    -4.0    -2.3    -4.8    -7.3    -8.8     1.5    -1.5   -12.0   -10.0    -5.0 -9999.9M-9999.9M-9999.9M
 1995  3    -4.0    -3.8    -8.5   -12.3    -8.8    -2.0    -2.5     1.0    10.5    -7.5    -9.5    -8.8    -4.0    -3.5    -0.3     0.8     2.5     1.8    -1.8     0.3     4.3     9.5     5.3    -3.0    -1.5    -0.5    -0.8    -1.3    -1.0    -0.5     2.0 
 1995  4     1.3    -0.5    -0.8    -0.5   -10.0    -6.5    -1.3     0.5    -1.0     2.8     0.0     0.5     4.8     9.0     6.5     1.0     4.8     4.8     6.3     6.3     5.8     7.5     5.8     2.8     5.3     5.3     4.5     5.0     2.5     3.8 -9999.9M
 1995  5     6.0     6.0     3.5     8.8     8.8     7.0     1.8     3.5     4.8     6.8    10.8    13.0    10.0     9.5     8.3     7.5     8.5     6.0     9.8    11.3    13.8    14.3    13.5    10.5    13.0    11.3     9.3     8.8     9.3    10.8    11.5 
 1995  6    12.8    18.0    14.5    16.3    10.5    12.3    16.3    14.0    11.8    14.3    12.8    14.0    14.8    17.5    14.8    16.5    14.0    19.3    19.8    16.0    11.0    14.0    15.5    17.3    19.5    18.3    11.5    13.5    17.3    11.5 -9999.9M
 1995  7    13.8    19.0    21.5    20.8    19.8    19.8    19.5    20.3    19.8    20.8    18.8    18.8    19.8    19.5    18.8    13.8    14.0    15.0    19.0    19.5    18.0    21.5    17.8    18.8    21.8    22.0    21.4    23.0    17.3    21.5    18.5 
 1995  8    20.5    17.5    15.0    19.3    18.0    18.3    18.0    17.8    18.0    20.5    20.5    23.0    18.5    16.5    16.0    20.5    20.5    14.3    13.8    14.8    18.5    16.5    16.0    13.0    12.3    12.5    10.8    13.0    12.8    16.0    16.3 
 1995  9    12.0    15.5    13.3    13.0    15.0    14.8    12.3    15.3    13.3    13.3    11.0    12.0    15.3    20.0    13.3     7.8    10.0    15.8    11.0    10.5    13.8    16.3    14.8     7.8     7.5    10.3    13.8    11.0     7.0     8.3 -9999.9M
 1995 10    12.0    14.0    16.8    10.3    13.8     7.5    11.0    13.3    12.0     7.8    10.0    13.3    11.0    15.5    16.3    10.8     6.3     6.3    12.3    10.5    15.5    15.3     9.8     8.3    11.3     5.0     5.5    10.5    12.5     5.0     1.5 
 1995 11     0.5     0.5     6.8     9.5    -0.3     1.0     6.0    10.8     2.3    -2.5     4.8    12.3E    1.8     1.3     9.8     9.5     5.5     1.3     0.0     2.0     3.8     6.8     0.5     2.5    -0.5E    2.5E    0.8     3.8    -2.5    -3.3 -9999.9M
 1995 12    -5.5    -0.5    -5.3    -3.5    -5.8    -3.8    -3.8    -7.8    -6.0    -2.0E   -8.8   -12.5   -11.5   -11.3    -8.0    -6.0    -9.0    -5.3E   -3.5    -5.3     1.8     1.0     0.5    -0.5    -0.5     0.3     1.0    -0.5    -4.3   -10.0    -9.0 
 1996  1   -14.8   -16.5   -16.5   -14.0   -15.8   -19.0   -16.0   -12.3    -9.8   -11.8    -5.0    -8.8    -0.8    -2.8    -9.0    -9.3    -4.0     3.0     7.5     4.5E   -7.5    -5.5    -3.8     6.3     5.0    -9.3    -2.0     4.0E  -10.5    -8.5    -6.5 
 1996  2   -11.8   -11.5   -10.5   -16.3   -16.8   -15.3   -13.3    -4.8     3.8     0.5    -3.5    -1.5   -13.3   -12.3    -7.3    -5.5     3.8    -1.0   -11.3    -4.0     2.5     5.0     7.3     7.8     4.5     2.5     1.5    -1.3    -5.0 -9999.9M-9999.9M
 1996  3    -8.3    -4.3     0.5    -7.3    -9.5    -4.3    -5.5    -5.5    -9.0   -12.0    -8.5    -2.5     2.5     1.0     4.5     4.5    -3.3    -2.0     2.5     2.8     8.3     3.8     2.5     2.5     3.3     1.5    -0.3    -4.5    -1.0    -1.3    -1.8 
 1996  4     2.0     3.5    -1.0    -0.8     0.8     2.3     1.8     3.0     2.5     3.0     3.5     5.5     4.5     2.5     2.8     5.5     5.8     3.8     5.3     7.3     8.0     8.5     6.3     9.5     6.8    11.5    14.5     6.8     5.3     6.8 -9999.9M
 1996  5     7.3    12.8     9.3     6.0     9.3     5.0     4.3    11.0     4.0     5.8     8.0     8.8     7.5     5.8     6.3     7.0     9.3    11.3    10.0     8.0    10.5    15.8    13.8    10.8     5.3     7.0     8.8    11.8     6.0     7.3     8.3 
 1996  6    12.3    15.8    14.8    16.5    19.0    17.3    17.8    17.5    17.0    14.3    18.0    18.5    20.5    21.8    19.3    15.8    13.5    13.8    14.0    15.3     9.8     8.3    14.3    13.0    11.3    11.8    14.8    13.0    15.5    14.5 -9999.9M
 1996  7    20.3    20.8    19.3    18.3    20.0    20.5    17.3    15.0    18.8    20.5    16.3    16.3    15.5    16.3    16.3    19.0    20.5    19.5    20.0    19.8    15.3    15.5    17.3    18.5    18.0    16.5    15.5    19.8    16.5    16.0    19.3 
 1996  8    14.5    17.5    19.5    19.3    19.0    21.3    22.0    21.5    20.8    19.5    20.3    16.3    17.5    20.8    16.0    16.3    18.0    19.0    18.5    15.5    15.8    18.0    20.3    18.8    16.8    17.8    16.5    19.0    20.3    15.8    14.0 
 1996  9    17.8    18.0    17.8    20.0    16.5    19.5    12.3    11.3    15.0    18.8    17.0    13.3    11.8    14.0E   13.8E   14.3    13.5    12.5    13.8    12.3    14.3E   10.3     8.3     9.8     6.3    10.3    10.0     9.0    15.5E   15.3 -9999.9M
 1996 10     7.0    11.5    15.0     5.0     4.8     5.8     7.8    10.0    12.0    12.0    10.5     5.0     5.0     6.5     1.0     4.0     2.8     5.0     5.5     4.3     6.5     7.5     8.3     7.0     8.3     6.5     4.3     5.8     7.0     6.0     6.5 
 1996 11     5.0     3.3     2.0    -0.5     3.5     2.3     7.5    11.5    15.0    15.8    10.0     2.8    -1.8    -5.0    -5.8     1.0     3.5     5.5     5.8     4.8     4.5     2.3     1.0    -1.8    -3.5     2.5    -1.5    -3.5    -3.3    -1.5 -9999.9M
 1996 12    -1.8     4.5     2.5E    0.8     0.0    -1.3     1.3     5.3     2.8    -1.0    -1.5    -2.0     1.8E    3.3     0.5     0.5     6.0     9.3    11.3     4.5    -4.5    -4.0    -0.5E    6.3     2.8E   -7.5    -5.3    -5.0     1.8E   -1.3   -15.8 
 1997  1   -13.8   -10.3    -6.0    -7.0    -7.5    -2.5    -3.5    -7.5    -3.0    -2.5     1.3    -6.3    -9.3    -5.8    -6.3     3.5    -4.3   -11.0   -13.3   -10.3    -5.8    -5.8     3.0    -7.0    -1.8     1.0   -12.3    -6.3    -9.5   -16.0   -10.3 
 1997  2    -1.3    -0.3    -5.0    -8.0    -4.3    -1.0    -4.8   -11.0   -11.3    -7.3    -8.5    -9.5    -5.0    -7.8    -0.3    -3.5   -12.3    -8.5     2.8    -7.8    -8.5     0.3    -6.0   -10.5   -13.0   -10.0    -0.8    -3.8 -9999.9M-9999.9M-9999.9M
 1997  3    -7.5     2.0    -1.5    -5.8    -6.0     0.3    -4.5   -11.5   -14.0   -13.0    -2.5    -2.3    -9.0    -6.0    -1.0    -7.3    -8.8    -3.5    -9.8    -6.0    -1.0    -7.3    -5.8   -10.5    -6.0     0.3     1.0     1.3     2.8     6.8    -2.0 
 1997  4    -2.0    -2.0    -2.3    -2.3    -1.3     3.5     5.0     5.0    -0.3    -2.8    -2.3     0.5     2.3     1.0     3.0     6.0     5.3     5.3     1.3     2.5     6.0     5.5     4.0     4.8     2.3     2.0     2.8     4.0     3.0     6.0 -9999.9M
 1997  5     9.8    10.8     5.5     7.8     5.8     6.0     6.5     5.3     4.3     3.3     6.0    10.5    14.5    12.3    10.3    12.5    10.8     9.5     9.5     6.0     9.8     8.0     6.0     5.5     5.3     8.3     9.0     9.8    10.8    12.8    14.0 
 1997  6    12.3     7.5     7.0     5.5     8.8     8.8    11.5    10.5    12.5    14.3    17.8    15.3    14.5    17.3    13.3    13.3    12.5    20.3    18.3    17.8    15.5    19.8    17.8    13.3    15.3    12.3    15.5    14.3    17.0    21.0 -9999.9M
 1997  7    22.5    19.5    21.3    20.5    19.0    16.0    18.8    18.5    19.3    21.5    19.0    17.3    18.5    17.5    14.3    15.0    23.0    21.5    19.3    15.3    16.8    17.5    18.0    16.0    15.8    21.3    22.8    19.0    18.5    15.5    18.5 
 1997  8    19.0    21.3    19.5    16.5    16.0    17.5    15.8    18.0    17.8    19.3    19.8    17.5    14.8    16.8    16.5    15.8    19.3    16.5    14.3    13.3    14.5    18.3    20.8    19.5    16.8    16.3    18.3    19.0    18.5    18.0    17.8 
 1997  9    17.5    19.3    20.0    13.8    12.0    14.5    17.0    16.5    17.5    16.5    15.3    18.3    17.5    19.0    17.5    16.8    13.0    10.5    17.3    17.5    11.0     6.0     9.5     8.0     7.8    11.8    11.0     7.8    11.3    17.5 -9999.9M
 1997 10    12.5     9.0     5.3     5.5     7.5    13.3    11.5     8.8     7.0     9.5     9.3     4.5     5.3     6.3     9.5     8.8    11.0     8.5     6.5     6.8     8.3     3.8     1.0     0.8     0.0     2.0     1.8     6.5     3.0     4.5     4.0 
 1997 11     9.3    11.8    15.5     5.3     9.5     6.0     2.3     5.0     8.5    13.0     5.8     1.8    -3.0    -2.0     1.8     0.5    -3.8    -6.5    -6.5     1.3    -0.3     2.0    -1.5    -0.3    -2.5    -1.3     2.3    -4.5    -7.8    -4.8 -9999.9M
 1997 12    -3.5     1.5     1.8    -0.3    -2.5     1.5     1.0    -0.8    -0.5    -4.8    -6.8    -5.5    -5.3    -2.8   -16.5   -11.3    -3.0    -4.3    -7.8    -4.0   -10.8   -10.5   -10.5    -3.0    -5.0     0.3     1.3    -0.8    -5.8     2.5    -0.5 
 1998  1   -13.0   -10.3    -3.5     2.5    -6.5    -2.5    -7.0    -4.0     0.0     1.0     0.5    -5.5    -6.3    -8.3   -11.3    -6.5    -3.8    -1.0     0.3     0.5    -2.5   -12.0   -12.8    -2.5     5.5E   -7.8   -12.8    -8.3    -1.5     1.3    -0.3 
 1998  2    -3.0    -6.8    -4.0    -3.8    -6.8    -5.0    -8.5   -10.5    -9.8    -9.3    -8.3     1.5     2.8    -7.8   -12.5   -10.3    -4.0    -3.0     1.3     2.3    -0.3    -0.3    -1.3     1.0     4.5     4.5     3.8     6.0 -9999.9M-9999.9M-9999.9M
 1998  3     5.8     4.0     2.5    -0.8    -0.3    -3.0    -3.0    -0.3     4.5     7.3     3.3    -6.5   -10.3    -6.3    -1.0    -6.0    -7.0    -5.3    -2.0    -1.3    -3.0    -1.5     0.3    -0.5    -3.3     0.3     8.5     4.0     8.3     8.0    10.3 
 1998  4     3.5     3.0     3.8     1.0     0.8     1.8     5.8     5.3     4.3    -1.0     1.5     2.5     3.0     1.0     6.5     7.0     9.5    11.8     8.8     8.8     5.5     6.3     5.8     4.8     8.0     5.3     5.0     3.0     6.0    10.5 -9999.9M
 1998  5    13.0     9.8    12.8    17.5    17.0    16.8    15.3    15.0    17.0    10.0    11.0     8.0     9.5    11.5    10.8    12.5    10.0    10.0     9.5     9.8    13.8    14.3    10.3    12.3    15.0    11.5    13.8    10.5    17.5    17.8    11.3 
 1998  6    15.8    13.5    11.3    10.0     9.3    11.8    11.3    10.0    10.0    11.5    15.0    16.0    14.0    17.8    16.3    15.5    20.8    21.5    19.5    18.8    16.3    15.8    16.0    15.3    20.3    17.3    16.5    12.5    13.5    17.0 -9999.9M
 1998  7    19.8    15.8    18.8    19.8    17.5    19.0    17.5    17.5    17.0    19.0    17.0    14.8    15.8    20.0    21.5    23.3    23.3    22.3    18.0    19.3    21.3    19.0    22.5    22.3    16.5    14.8    17.8    18.3    21.8    21.8    18.3 
 1998  8    16.0    16.3    17.5    19.0    20.0    18.8    18.5    20.3    23.0    22.3    23.3    17.5    15.0    14.8    18.5    19.3    21.3    20.3    17.8    13.8    13.5    18.0    13.5    17.0    21.3    21.5    19.0    20.5    16.8    17.3    19.0 
 1998  9    16.0    15.8    18.5    18.3    17.0    15.5    13.5    16.5    18.8    14.0    15.0    12.0    14.0    12.0    13.3    18.3    12.3     8.5    11.3    14.0    14.5    19.5    10.0     7.3    10.8    11.8    11.8    17.0    10.5    11.5 -9999.9M
 1998 10    15.0     8.3     9.3     6.3     6.0     6.0     5.5     7.0    10.0    11.0    11.0    10.0     8.5     8.0    10.8     8.5     8.5     8.5    11.5     7.5     4.3     4.5     4.5     8.8     6.0     1.3     0.8     5.5    11.5    10.5     8.8 
 1998 11     6.8     4.3     4.3     4.0     3.3     3.8     3.5     3.0     1.3     3.5     7.0     6.0     1.3    -1.0    -0.5     0.5    -2.0    -3.8    -3.0     0.8     4.5     1.8     2.3     6.0    -1.3     4.0     4.8     1.0     0.0     1.0 -9999.9M
 1998 12     5.8     3.0     1.0     0.5    -1.5    -3.8     2.8    -1.0    -0.8    -4.8    -5.5    -5.5     1.5    -2.5    -4.0     0.3     1.8     1.5    -5.5    -1.8    -1.3     4.0   -10.5   -10.0   -10.0    -7.3    -3.8    -5.8     0.5     2.5   -13.8 
 1999  1   -14.8   -18.0    -6.8     0.5E   -4.8    -9.8    -6.8    -8.0     0.0    -0.8    -5.3    -7.5    -5.3   -18.0    -6.5     0.8     1.5E    2.0     4.5     2.3    -4.0    -3.3     1.0     5.3     2.0    -7.0    -5.5   -12.5   -13.8   -11.5    -9.0 
 1999  2    -6.8    -6.3    -1.0     3.5    -0.8    -1.3    -1.8    -8.3    -5.5     1.5    -4.8     1.0     6.8     0.5    -1.8    -4.5    -4.3    -1.0    -0.3    -3.0    -4.8   -11.8   -13.0   -10.5    -5.0     1.0    -1.0    -2.3 -9999.9M-9999.9M-9999.9M
 1999  3     2.0     7.3     0.5     5.5     1.3    -3.8    -1.8    -4.3    -1.8     1.3     6.8     3.5     0.0    -0.3     2.5     0.5     1.8     1.8     2.3     0.0     3.3     2.5     6.3     4.8     5.8     1.3     2.3     7.0     8.5     6.5     3.5 
 1999  4     3.8    -1.0     1.5    -0.5    -0.8     0.5    -0.8     6.8     6.5     5.5     3.8     3.8     1.3     5.0     3.0     2.8     4.8     7.8     4.0     6.5     5.3     8.0     6.0     0.5     4.3     6.3     6.5     2.3     2.8     6.0 -9999.9M
 1999  5     8.0     9.8    11.0    14.3    16.0    19.3    19.5    18.5    15.3    16.0     7.5     4.3     3.8     6.5     7.0     9.8    10.3    14.5    16.0    19.0    12.3     9.5    13.3    15.0    13.5    14.5    12.0    14.3    13.3    15.3    18.8 
 1999  6    19.3    20.5    19.8    13.3    11.3    14.3    19.3    14.0    13.0    11.3    13.0    15.0    20.0    22.3    22.5    13.5    12.0    13.3    13.3    13.8    16.3    18.3    19.5    18.3    21.5    18.5    19.5    22.5    19.8    23.3 -9999.9M
 1999  7    19.5    24.5    21.8    19.3    21.0    16.3    21.0    16.8    15.5    14.0    15.8    18.3    15.8    17.5    20.3    18.3    21.5    22.8    21.0    18.0    15.0    17.5    22.3    21.0    20.5    23.0    20.8    22.5    21.8    23.5    23.5 
 1999  8    21.3    22.8    18.0    16.5    18.8    20.8    18.8    15.5    17.3    12.5    14.5    14.3    21.5    24.5    18.0    18.5    17.8    20.5    16.3    15.5    14.3    17.0    19.3    18.0    19.5    18.5    21.5    23.0    22.3    16.0    15.0 
 1999  9    15.3    17.3    20.8    21.3    20.5    20.3    23.5    23.0    23.5    21.8    24.0    19.3    15.8    17.5    21.3    19.5    21.3    13.8    13.5    13.0    15.0    21.5    17.5    15.8    15.8    10.5    10.3    11.5    14.5    13.5 -9999.9M
 1999 10    13.8     9.8    11.3     8.5     9.3    10.8     5.8     4.5     5.8     9.8     9.3     5.0     6.3    11.0     6.3     7.0    12.8     8.0     1.3     1.5     5.3     6.3    11.5     9.3     3.3     3.0     8.3     2.5     5.8     3.8     7.5 
 1999 11     9.0     7.3    13.8     9.0     7.5     6.8     1.8     0.0     0.0     2.5    -1.8    -5.8     1.0     2.8     6.0     3.0     0.5    -3.8    -0.8     8.3    11.8     6.3     7.8     5.8     9.8     8.8    11.3     6.5     0.5    -0.8 -9999.9M
 1999 12     2.3     5.3     2.0    -0.8     4.5     8.3    12.8     3.8     0.0     2.8     6.5     2.5     4.5     3.5     1.3     2.8     2.3    -2.3    -7.8    -4.0     1.3    -1.3    -7.3    -9.8   -13.8    -7.0    -5.8   -10.0    -9.0    -8.3   -12.0 
 2000  1   -10.8     0.0     3.8     4.8     2.0    -8.0    -3.5    -2.0    -4.5     0.8     3.5     1.0    -6.3   -13.8   -16.5   -14.0    -6.5    -5.0   -11.3   -12.5   -11.0   -12.5   -13.0    -9.8     3.0     5.3     1.0    -7.0    -8.0    -8.5    -4.0 
 2000  2     0.8    -4.0    -6.0   -10.5   -12.3   -10.8    -8.8   -10.3    -5.3    -6.3    -4.3    -7.0    -9.8     0.5    -1.0    -3.3    -4.8   -13.0    -7.0   -10.0    -8.0   -11.8    -4.3     4.5    -6.3    -4.5     2.0     8.8    11.3 -9999.9M-9999.9M
 2000  3     2.5     3.8     0.5     0.8    -0.3    -0.5    -3.0    -0.3    -1.3    -2.8    -3.0     3.3    -0.5    -3.5     3.3     7.3    -2.8    -6.0E   -5.5E   -2.0E    2.8     1.5     1.0     2.5     2.3     3.3     6.8     5.0     9.0     7.8     2.5 
 2000  4     3.5     7.0     8.8     6.3    10.0     3.8     5.3     5.0    13.8     5.0     1.5     3.5     2.0     2.8     8.5     6.3     0.5     0.8     4.3     3.3     3.0     5.3     7.8    10.3     2.3     4.5     5.8     5.3     9.0     4.3 -9999.9M
 2000  5     6.0     5.5     7.3     7.5     8.5     8.8     5.8    12.0     3.5     7.5     7.0     5.3     4.8     6.5    10.3     9.5     9.0    10.5    11.3    10.5     8.5    11.3     9.0    11.8    14.0    12.5    11.8     9.0     8.0    11.3    11.5 
 2000  6    15.0    13.8    13.0     9.8    11.3     9.3     7.5    13.0    15.5     9.3     8.3     8.0    10.5    12.5    12.3    19.0    21.3    17.5    17.0    15.0    16.5    16.3    20.0    16.5    19.0    20.5    22.5    21.3    15.3    16.3 -9999.9M
 2000  7    16.5    18.8    20.5    22.5    19.0    17.0    18.5    14.0E   17.3E   13.0    17.5    16.8    15.3    20.8    18.5    20.0E   18.0    23.3    19.3    16.3    14.8    17.5    18.0E   16.3    19.8    19.5    18.0    17.5    19.0    18.3    17.0 
 2000  8    16.8    17.3    22.5    23.5    18.5E   18.8    17.5E   18.5    21.0    22.5    18.5    17.5    17.5    19.5    20.5    23.3    21.5    15.5    15.5    14.5    15.8    15.3    15.3    17.5    20.5    17.5    18.8E   18.8    13.5    14.0    19.3 
 2000  9    18.5E   16.0E   13.5    13.8    12.0    10.0    10.8    14.0    15.3    13.0    13.3    15.3    19.8    15.3    13.0    17.8     9.8    14.5E   14.0    16.8    21.5    12.8    10.8    13.0E    9.0     8.0    13.5     7.5     8.8E    5.8 -9999.9M
 2000 10    12.3E   13.8    15.0    13.0     8.5    10.5    14.3     9.8E    9.0     9.8     6.0     6.3     9.0     9.3    11.3E    2.8     4.5     6.5     8.0     8.5E    9.3     3.8     5.0     5.3     8.5     7.8     7.0    11.3     6.5     7.3     8.0 
 2000 11     8.3     9.5     8.5     8.3     7.8     9.5     9.0     8.5     7.8     8.3     8.5     7.0E    7.3E    7.8    10.0     4.5     5.3     5.0    -2.0    -2.5     1.0    -0.3    -1.5    -6.5    -5.0    -3.0     6.0E    4.3     2.8     1.3 -9999.9M
 2000 12     1.3    -2.5    -5.5    -5.8    -4.5    -1.8    -5.3   -12.3   -16.3   -14.3    -4.5     6.3    -6.8    -7.0    -2.3    -7.5     1.5     3.8     2.0     4.3    -2.5    -4.0    -6.3   -13.5   -14.3   -14.8    -6.5    -5.0    -0.8    -1.3    -2.3 
 2001  1     0.5    -6.0    -8.8    -8.5    -5.5    -8.0    -1.0E   -3.0    -5.0    -5.5   -11.0    -9.0E  -12.8    -9.8   -11.0    -4.0    -6.0    -8.5   -10.5    -3.8E   -9.0   -12.5   -12.3     0.5    -6.0   -10.5   -11.3    -5.5E   -7.8    -9.0    -4.5 
 2001  2    -7.0    -9.3    -5.3   -10.5    -5.5    -0.5    -3.5    -2.3    -4.8E    1.5E  -12.8   -10.0    -7.8    -9.5    -1.5    -8.5    -4.5   -12.0    -9.5     1.3     1.5   -15.8   -14.0    -9.5    -8.5    -3.8    -2.0   -10.8 -9999.9M-9999.9M-9999.9M
 2001  3   -16.8   -11.3   -14.3   -12.3    -4.5    -1.5     0.0    -2.3    -5.8     1.0     0.0     1.3    -3.3     3.0     1.0    -1.5    -1.0     0.3     1.8     2.5     1.0    -0.3    -0.5E    2.0     0.0    -3.3    -2.0    -3.8    -1.8     1.0     0.5E
 2001  4     0.0     0.3    -1.3     0.8     0.0    -1.8    -3.5    -1.5     1.0     1.3     2.3    -0.3     0.0     3.3     2.0     4.0     3.5     2.5     3.5     3.5     6.0     5.8     8.3     9.3     9.0     6.3     1.3     4.0     1.0     2.0 -9999.9M
 2001  5     3.5     8.8    11.3    15.3    10.0E    6.0     7.5    11.5    11.3     7.8     7.3    11.5    12.3     9.8     8.8     9.8     9.0    11.8     7.8E    9.5E    8.8    11.8E    9.5    10.3    10.5    13.8    14.0    17.0    18.0    16.0     9.8 
 2001  6    12.0     9.0    10.3E   11.5    14.3    13.8    15.3    13.5    11.3    11.3E   12.5    15.8    19.5    19.3    19.5    20.0E   19.0    19.0    15.5    20.0    19.3    16.0    20.8E   20.8    19.5    20.0    21.5 -9999.9M-9999.9M-9999.9M-9999.9M
